Selection	View	Channel	Begin File	Begin Clock Time	Begin Time (s)	End Time (s)	Low Freq (Hz)	High Freq (Hz)	Delta Time (s)	Delta Freq (Hz)	Category	Comment
1	Spectrogram 1	1	Guigo1_0117.wav	161.647	161.647162683	166.635951574	8.1	4161.4	4.989	4153.2	Ee11	
2	Spectrogram 1	1	Guigo1_0117.wav	168.374	168.373619615	172.297386158	24.4	4177.6	3.924	4153.2	Ee11	
3	Spectrogram 1	1	Guigo1_0117.wav	172.578	172.577655197	175.828776048	56.9	4145.1	3.251	4088.2	Ee11	
4	Spectrogram 1	1	Guigo1_0117.wav	177.342	177.342228857	182.331017748	65.0	4145.1	4.989	4080.1	Ee11	
5	Spectrogram 1	1	Guigo1_0117.wav	183.901	183.900524366	187.712183294	48.8	4104.5	3.812	4055.7	Ee11	
6	Spectrogram 1	1	Guigo1_0117.wav	188.945	188.945367065	191.972272684	0.0	4104.5	3.027	4104.5	Ee11	
7	Spectrogram 1	1	Guigo1_0117.wav	193.093	193.093348840	196.961061576	48.8	4128.9	3.868	4080.1	Ee11	
8	Spectrogram 1	1	Guigo1_0117.wav	199.708	199.707698156	203.407249469	0.0	4088.2	3.700	4088.2	Ee11	
9	Spectrogram 1	1	Guigo1_0117.wav	204.230	204.229924528	207.424991571	24.4	4112.6	3.195	4088.2	Ee11	
10	Spectrogram 1	1	Guigo1_0117.wav	208.770	208.770282957	213.759071848	16.3	4055.7	4.989	4039.4	Ee12	
11	Spectrogram 1	1	Guigo1_0117.wav	214.712	214.711986580	218.859968355	0.0	4088.2	4.148	4088.2	Ee11	
12	Spectrogram 1	1	Guigo1_0117.wav	219.589	219.588667856	222.167143013	0.0	4120.7	2.578	4120.7	Ee11	
13	Spectrogram 1	1	Guigo1_0117.wav	222.832	222.832431998	270.702383831	97.5	4096.3	47.870	3998.8	Ia10	
14	Spectrogram 1	1	Guigo1_0117.wav	271.939	271.939400939	280.571687335	113.8	4112.6	8.632	3998.8	Be11	
15	Spectrogram 1	1	Guigo1_0117.wav	281.412	281.412494451	289.035812308	146.3	4104.5	7.623	3958.2	Be11	
16	Spectrogram 1	1	Guigo1_0117.wav	290.381	290.381103694	298.452852012	105.7	4112.6	8.072	4006.9	Be11	
17	Spectrogram 1	1	Guigo1_0117.wav	299.316	299.316141462	306.547082664	154.4	4072.0	7.231	3917.5	Be11	
18	Spectrogram 1	1	Guigo1_0117.wav	307.836	307.836320242	315.179369060	97.5	4080.1	7.343	3982.6	Be11	
19	Spectrogram 1	1	Guigo1_0117.wav	316.904	316.903878440	323.013743486	56.9	4080.1	6.110	4023.2	Be11	
21	Spectrogram 1	1	Guigo1_0117.wav	323.798	323.798496795	330.076523265	73.1	4031.3	6.278	3958.2	Be11	
22	Spectrogram 1	1	Guigo1_0117.wav	331.366	331.365760843	337.307464467	73.1	4096.3	5.942	4023.2	Be11	
23	Spectrogram 1	1	Guigo1_0117.wav	338.260	338.260379199	344.314190438	65.0	4088.2	6.054	4023.2	Be11	
24	Spectrogram 1	1	Guigo1_0117.wav	346.185	346.184791779	353.303625365	56.9	4063.8	7.119	4006.9	Bf111	
25	Spectrogram 1	1	Guigo1_0117.wav	353.864	353.864163443	358.572683295	0.0	4055.7	4.709	4055.7	Bf111	
26	Spectrogram 1	1	Guigo1_0117.wav	360.198	360.198243720	366.980754460	0.0	4128.9	6.783	4128.9	Bf111	
27	Spectrogram 1	1	Guigo1_0117.wav	368.606	368.606314885	373.819319008	97.5	4006.9	5.213	3909.4	Bf111	
28	Spectrogram 1	1	Guigo1_0117.wav	375.221	375.220664202	381.835013518	65.0	4088.2	6.614	4023.2	Bf111	
29	Spectrogram 1	1	Guigo1_0117.wav	382.844	382.843671079	389.065643741	56.9	4128.9	6.222	4072.0	Be11	
30	Spectrogram 1	1	Guigo1_0117.wav	390.691	390.691204166	396.857123021	16.3	4161.4	6.166	4145.1	Be11	
31	Spectrogram 1	1	Guigo1_0117.wav	398.763	398.762952485	405.265194186	24.4	4112.6	6.502	4088.2	Be11	
32	Spectrogram 1	1	Guigo1_0117.wav	406.723	406.722593188	412.944565850	0.0	4104.5	6.222	4104.5	Be11	
33	Spectrogram 1	1	Guigo1_0117.wav	414.703	414.703059575	421.093193661	32.5	4088.2	6.390	4055.7	Be11	
34	Spectrogram 1	1	Guigo1_0117.wav	423.335	423.335345971	429.445211018	0.0	4055.7	6.110	4055.7	Be11	
35	Spectrogram 1	1	Guigo1_0117.wav	431.239	431.238932867	437.124582682	73.1	4023.2	5.886	3950.0	Be11	
36	Spectrogram 1	1	Guigo1_0117.wav	439.367	439.366734993	445.196331000	48.8	3990.7	5.830	3941.9	Be11	
37	Spectrogram 1	1	Guigo1_0117.wav	447.547	447.547378884	453.096705853	16.3	4080.1	5.549	4063.8	Be11	
38	Spectrogram 1	1	Guigo1_0117.wav	453.699	453.699310172	461.939219914	48.8	4023.2	8.240	3974.4	Df11	
39	Spectrogram 1	1	Guigo1_0117.wav	463.285	463.284511300	470.067022040	0.0	4039.4	6.783	4039.4	Df11	
40	Spectrogram 1	1	Guigo1_0117.wav	471.356	471.356259619	479.315900321	56.9	4137.0	7.960	4080.1	Df11	
42	Spectrogram 1	1	Guigo1_0117.wav	694.008	694.008295276	697.539685165	0.0	4079.8	3.531	4079.8	Ee11	
43	Spectrogram 1	1	Guigo1_0117.wav	697.988	697.988115628	700.958967439	48.9	4047.2	2.971	3998.3	Ee11	
44	Spectrogram 1	1	Guigo1_0117.wav	703.033	703.032958327	707.012778678	57.0	4079.8	3.980	4022.8	Ee11	
45	Spectrogram 1	1	Guigo1_0117.wav	710.096	710.095738105	712.954482301	0.0	4071.6	2.859	4071.6	Ee11	
46	Spectrogram 1	1	Guigo1_0117.wav	713.403	713.402912763	716.654033614	57.0	3949.5	3.251	3892.5	Ee11	
47	Spectrogram 1	1	Guigo1_0117.wav	719.289	719.288562579	722.819952468	24.4	4055.3	3.531	4030.9	Ee11	
48	Spectrogram 1	1	Guigo1_0117.wav	725.623	725.622642856	728.873763707	0.0	4022.8	3.251	4022.8	Ee11	
49	Spectrogram 1	1	Guigo1_0117.wav	729.434	729.434301785	733.077799289	24.4	3949.5	3.643	3925.1	Ee11	
50	Spectrogram 1	1	Guigo1_0117.wav	735.450	735.449776750	738.588789985	0.0	4144.9	3.139	4144.9	Ee11	
51	Spectrogram 1	1	Guigo1_0117.wav	740.495	740.494619449	744.810762647	24.4	4104.2	4.316	4079.8	Ee11	
52	Spectrogram 1	1	Guigo1_0117.wav	745.259	745.259193110	748.230044921	89.6	4006.5	2.971	3916.9	Ee11	
53	Spectrogram 1	1	Guigo1_0117.wav	750.865	750.864573886	754.452017583	81.4	4030.9	3.587	3949.5	Ee11	
54	Spectrogram 1	1	Guigo1_0117.wav	757.030	757.030492741	760.337667399	8.1	4030.9	3.307	4022.8	Ee11	
55	Spectrogram 1	1	Guigo1_0117.wav	761.066	761.066366900	763.588788249	0.0	3965.8	2.522	3965.8	Ee11	
56	Spectrogram 1	1	Guigo1_0117.wav	765.270	765.270402482	769.866814719	0.0	3957.6	4.596	3957.6	Ee11	
57	Spectrogram 1	1	Guigo1_0117.wav	770.712	770.712387971	804.512834054	187.3	4128.6	33.800	3941.3	Ia6	
58	Spectrogram 1	1	Guigo1_0117.wav	805.826	805.825902274	813.281058707	162.9	4096.1	7.455	3933.2	Be11	
59	Spectrogram 1	1	Guigo1_0117.wav	814.795	814.794511516	822.754152219	57.0	4087.9	7.960	4030.9	Be11	
60	Spectrogram 1	1	Guigo1_0117.wav	824.043	824.043389798	831.162223384	138.4	4096.1	7.119	3957.6	Be11	
61	Spectrogram 1	1	Guigo1_0117.wav	832.676	832.675676194	841.420070205	195.4	4030.9	8.744	3835.5	Be11	
62	Spectrogram 1	1	Guigo1_0117.wav	842.239	842.238704142	850.142291037	138.4	4071.6	7.904	3933.2	Be11	
63	Spectrogram 1	1	Guigo1_0117.wav	851.712	851.711797655	859.503276934	122.1	4087.9	7.791	3965.8	Be11	
64	Spectrogram 1	1	Guigo1_0117.wav	861.465	861.465160206	868.640047600	73.3	4128.6	7.175	4055.3	Be11	
65	Spectrogram 1	1	Guigo1_0117.wav	870.045	870.045226306	877.612490355	130.3	4120.5	7.567	3990.2	Be11	
66	Spectrogram 1	1	Guigo1_0117.wav	878.453	878.453297471	886.300830559	81.4	4006.5	7.848	3925.1	Be11	
67	Spectrogram 1	1	Guigo1_0117.wav	887.534	887.534014330	894.708901724	89.6	4063.5	7.175	3973.9	Be11	
68	Spectrogram 1	1	Guigo1_0117.wav	896.334	896.333839028	903.116349768	154.7	4055.3	6.783	3900.6	Be11	
69	Spectrogram 1	1	Guigo1_0117.wav	904.798	904.797964001	912.757604704	0.0	4047.2	7.960	4047.2	Be11	
70	Spectrogram 1	1	Guigo1_0117.wav	914.611	914.611213872	920.721078919	16.3	4055.3	6.110	4039.1	Be11	
71	Spectrogram 1	1	Guigo1_0117.wav	922.347	922.346639344	928.904934853	97.7	4079.8	6.558	3982.1	Be11	
72	Spectrogram 1	1	Guigo1_0117.wav	930.530	930.530495278	936.696414132	48.9	4112.3	6.166	4063.5	Be11	
73	Spectrogram 1	1	Guigo1_0117.wav	938.434	938.434082173	945.608969567	65.1	4120.5	7.175	4055.3	Be11	
74	Spectrogram 1	1	Guigo1_0117.wav	947.016	947.016116888	952.957820512	65.1	4112.3	5.942	4047.2	Be11	
75	Spectrogram 1	1	Guigo1_0117.wav	955.200	955.199972822	960.973515022	48.9	4096.1	5.774	4047.2	Be11	
76	Spectrogram 1	1	Guigo1_0117.wav	962.879	962.879344486	968.989209533	40.7	4022.8	6.110	3982.1	Be11	
77	Spectrogram 1	1	Guigo1_0117.wav	970.222	970.222393304	976.276204542	0.0	4055.3	6.054	4055.3	Be11	
78	Spectrogram 1	1	Guigo1_0117.wav	977.987	977.986622638	983.704111030	73.3	4063.5	5.717	3990.2	Be11	
79	Spectrogram 1	1	Guigo1_0117.wav	985.666	985.665994302	991.551644118	48.9	4047.2	5.886	3998.3	Be11	
80	Spectrogram 1	1	Guigo1_0117.wav	993.009	993.009043120	999.791553859	40.7	4055.3	6.783	4014.6	Be11	
81	Spectrogram 1	1	Guigo1_0117.wav	1001.514	1001.514094624	1008.464766787	48.9	4120.5	6.951	4071.6	Bf111	
82	Spectrogram 1	1	Guigo1_0117.wav	1009.642	1009.641896750	1016.984945568	81.4	4096.1	7.343	4014.6	Bf111	
83	Spectrogram 1	1	Guigo1_0117.wav	1018.059	1018.058774824	1024.448908909	81.4	4087.9	6.390	4006.5	Be11	
84	Spectrogram 1	1	Guigo1_0117.wav	1026.747	1026.747115028	1033.137249113	0.0	4063.5	6.390	4063.5	Be11	
85	Spectrogram 1	1	Guigo1_0117.wav	1034.707	1034.706755731	1040.928728393	32.6	4039.1	6.222	4006.5	Be11	
86	Spectrogram 1	1	Guigo1_0117.wav	1042.666	1042.666396433	1048.327831018	24.4	4120.5	5.661	4096.1	Be11	
87	Spectrogram 1	1	Guigo1_0117.wav	1050.626	1050.626037136	1057.464601684	0.0	4071.6	6.839	4071.6	Be11	
88	Spectrogram 1	1	Guigo1_0117.wav	1058.247	1058.247075224	1064.861424540	40.7	3908.8	6.614	3868.1	Bf111	
89	Spectrogram 1	1	Guigo1_0117.wav	1067.216	1067.215684466	1073.605818552	24.4	3949.5	6.390	3925.1	Be11	
90	Spectrogram 1	1	Guigo1_0117.wav	1075.456	1075.455594208	1081.173082600	40.7	3965.8	5.717	3925.1	Be11	
91	Spectrogram 1	1	Guigo1_0117.wav	1083.079	1083.078912064	1089.412992342	97.7	3982.1	6.334	3884.3	Be11	
92	Spectrogram 1	1	Guigo1_0117.wav	1090.534	1090.534068497	1097.765009699	57.0	4006.5	7.231	3949.5	Df11	
93	Spectrogram 1	1	Guigo1_0117.wav	1098.739	1098.738646573	1107.370932969	32.6	4030.9	8.632	3998.3	Df11	
94	Spectrogram 1	1	Guigo1_0117.wav	1108.100	1108.099632470	1116.844026482	8.1	3982.1	8.744	3973.9	Df11	
95	Spectrogram 1	1	Guigo1_0117.wav	1117.797	1117.796941214	1125.420259070	40.7	3859.9	7.623	3819.2	Df11	
96	Spectrogram 1	1	Guigo1_0117.wav	1126.261	1126.261066186	1134.444922120	0.0	3778.5	8.184	3778.5	Df11	
97	Spectrogram 1	1	Guigo1_0117.wav	1135.846	1135.846267314	1143.133262324	48.9	3843.6	7.287	3794.8	Df11	
98	Spectrogram 1	1	Guigo1_0117.wav	1144.505	1144.505492676	1152.577240995	16.3	3811.0	8.072	3794.8	Df11	
99	Spectrogram 1	1	Guigo1_0117.wav	1153.586	1153.586209534	1162.218495930	65.1	3916.9	8.632	3851.8	Df11	
100	Spectrogram 1	1	Guigo1_0117.wav	1162.971	1162.970610562	1170.930251265	114.0	3884.3	7.960	3770.3	Df11	
101	Spectrogram 1	1	Guigo1_0117.wav	1171.547	1171.546843151	1178.441461506	0.0	3916.9	6.895	3916.9	Df11	
102	Spectrogram 1	1	Guigo1_0117.wav	1179.002	1179.001999583	1187.522178364	32.6	3908.8	8.520	3876.2	Df11	
103	Spectrogram 1	1	Guigo1_0117.wav	1189.036	1189.036356361	1197.052050872	0.0	3900.6	8.016	3900.6	Df11	
104	Spectrogram 1	1	Guigo1_0117.wav	1198.509	1198.509449874	1205.123799190	0.0	3982.1	6.614	3982.1	Df11	
105	Spectrogram 1	1	Guigo1_0117.wav	1206.021	1206.020660114	1214.765054126	89.6	4022.8	8.744	3933.2	Df11	
106	Spectrogram 1	1	Guigo1_0117.wav	1215.213	1215.213484588	1221.323349635	97.7	3965.8	6.110	3868.1	Df11	
107	Spectrogram 1	1	Guigo1_0117.wav	1223.159	1223.158930463	1230.558033089	73.3	3965.8	7.399	3892.5	Df11	
108	Spectrogram 1	1	Guigo1_0117.wav	1232.184	1232.183593514	1238.966104254	81.4	3957.6	6.783	3876.2	Df11	
109	Spectrogram 1	1	Guigo1_0117.wav	1239.527	1239.526642331	1245.132023108	16.3	4006.5	5.605	3990.2	Ee11	
110	Spectrogram 1	1	Guigo1_0117.wav	1245.580	1245.580453570	1248.327090151	0.0	3965.8	2.747	3965.8	Ee11	
111	Spectrogram 1	1	Guigo1_0117.wav	1248.944	1248.943682036	1252.531125733	81.4	3876.2	3.587	3794.8	Ee11	
112	Spectrogram 1	1	Guigo1_0117.wav	1254.325	1254.324847582	1259.930228358	0.0	4006.5	5.605	4006.5	Ee12	
113	Spectrogram 1	1	Guigo1_0117.wav	1260.995	1260.995250706	1264.694802019	0.0	3982.1	3.700	3982.1	Ee11	
114	Spectrogram 1	1	Guigo1_0117.wav	1265.087	1265.087178673	1267.329330984	0.0	3884.3	2.242	3884.3	Ee11	
115	Spectrogram 1	1	Guigo1_0117.wav	1267.834	1267.833815253	1271.028882296	114.0	3794.8	3.195	3680.8	Ee11	
116	Spectrogram 1	1	Guigo1_0117.wav	1273.248	1273.247721892	1276.779111781	8.1	3811.0	3.531	3802.9	Ee11	
117	Spectrogram 1	1	Guigo1_0117.wav	1278.293	1278.292564591	1282.160277327	0.0	4022.8	3.868	4022.8	Ee11	
118	Spectrogram 1	1	Guigo1_0117.wav	1282.384	1282.384492558	1284.906913907	48.9	3916.9	2.522	3868.1	Ee11	
119	Spectrogram 1	1	Guigo1_0117.wav	1285.243	1285.243236754	1288.326196181	105.9	4006.5	3.083	3900.6	Ee11	
120	Spectrogram 1	1	Guigo1_0117.wav	1297.016	1297.016401282	1300.043306901	24.4	4104.2	3.027	4079.8	Ee11	
121	Spectrogram 1	1	Guigo1_0117.wav	1300.660	1300.659898787	1303.070212521	40.7	3982.1	2.410	3941.3	Ee11	
122	Spectrogram 1	1	Guigo1_0117.wav	1305.537	1305.536580062	1309.404292798	81.4	4047.2	3.868	3965.8	Ee11	
123	Spectrogram 1	1	Guigo1_0117.wav	1311.815	1311.814606532	1315.794426884	48.9	4055.3	3.980	4006.5	Ee11	
124	Spectrogram 1	1	Guigo1_0117.wav	1316.019	1316.018642115	1319.942408658	0.0	3973.9	3.924	3973.9	Ee11	
125	Spectrogram 1	1	Guigo1_0117.wav	1320.783	1320.783215775	1324.819089934	0.0	3990.2	4.036	3990.2	Ee11	
126	Spectrogram 1	1	Guigo1_0117.wav	1325.211	1325.211466589	1328.630748862	8.1	4030.9	3.419	4022.8	Ee11	
127	Spectrogram 1	1	Guigo1_0117.wav	1330.822	1330.821613500	1334.296949582	0.0	4104.2	3.475	4104.2	Ee11	
128	Spectrogram 1	1	Guigo1_0117.wav	1337.156	1337.155693778	1340.799191283	0.0	4071.6	3.643	4071.6	Ee11	
129	Spectrogram 1	1	Guigo1_0117.wav	1341.304	1341.303675553	1344.106365941	105.9	4014.6	2.803	3908.8	Ee11	
130	Spectrogram 1	1	Guigo1_0117.wav	1345.055	1345.055136007	1385.133608560	40.7	4039.1	40.078	3998.3	Ia7	
131	Spectrogram 1	1	Guigo1_0117.wav	1385.551	1385.550851848	1391.212286432	40.7	3949.5	5.661	3908.8	Be11	
132	Spectrogram 1	1	Guigo1_0117.wav	1393.006	1393.006008281	1400.068788059	40.7	3965.8	7.063	3925.1	Be11	
133	Spectrogram 1	1	Guigo1_0117.wav	1402.949	1402.949394107	1410.628765771	65.1	4022.8	7.679	3957.6	Be11	
134	Spectrogram 1	1	Guigo1_0117.wav	1411.750	1411.749841926	1417.915760780	32.6	4022.8	6.166	3990.2	Be11	
135	Spectrogram 1	1	Guigo1_0117.wav	1419.093	1419.092890743	1426.267778138	24.4	4055.3	7.175	4030.9	Bf111	
136	Spectrogram 1	1	Guigo1_0117.wav	1427.053	1427.052531446	1433.947149802	97.7	4087.9	6.895	3990.2	Bf111	
137	Spectrogram 1	1	Guigo1_0117.wav	1435.045	1435.044601450	1441.322627919	24.4	4047.2	6.278	4022.8	Bf111	
138	Spectrogram 1	1	Guigo1_0117.wav	1442.668	1442.667919306	1448.721730545	8.1	3982.1	6.054	3973.9	Df11	
139	Spectrogram 1	1	Guigo1_0117.wav	1449.843	1449.842806700	1457.410070748	65.1	4055.3	7.567	3990.2	Df11	
140	Spectrogram 1	1	Guigo1_0117.wav	1458.139	1458.138770249	1464.304689104	32.6	4096.1	6.166	4063.5	Df11	
141	Spectrogram 1	1	Guigo1_0117.wav	1465.215	1465.215330333	1472.782594381	0.0	4079.8	7.567	4079.8	Df11	
142	Spectrogram 1	1	Guigo1_0117.wav	1473.455	1473.455240075	1479.340889890	40.7	4030.9	5.886	3990.2	Df11	
