Selection	View	Channel	Begin File	Begin Clock Time	Begin Time (s)	End Time (s)	Low Freq (Hz)	High Freq (Hz)	Delta Time (s)	Delta Freq (Hz)	Avg Power (dB)	Category	Comment
1	Spectrogram 1	1	2018_08_13_14_37_54.wav	5739.219	5739.218937720	5744.167317025	47.6	2376.5	4.948	2328.9	66.6	At12	
2	Spectrogram 1	1	2018_08_13_14_37_54.wav	5744.747	5744.747471840	5752.801385742	82.2	2380.8	8.054	2298.6	62.1	At12	
3	Spectrogram 1	1	2018_08_13_14_37_54.wav	5754.132	5754.132329141	5761.162440429	51.9	2203.3	7.030	2151.4	63.6	At12	
4	Spectrogram 1	1	2018_08_13_14_37_54.wav	5761.501	5761.500925760	5767.507234433	34.6	2272.6	6.006	2238.0	65.8	At13	
5	Spectrogram 1	1	2018_08_13_14_37_54.wav	5767.883	5767.882628725	5774.946866766	47.6	2268.3	7.064	2220.6	64.3	At12	
6	Spectrogram 1	1	2018_08_13_14_37_54.wav	5776.653	5776.653204457	5783.853949514	43.3	2250.9	7.201	2207.7	64.2	At12	
7	Spectrogram 1	1	2018_08_13_14_37_54.wav	5784.229	5784.228837455	5790.201019374	39.0	2363.5	5.972	2324.5	64.9	At12	
8	Spectrogram 1	1	2018_08_13_14_37_54.wav	5790.474	5790.474033405	5795.763680247	47.6	2354.8	5.290	2307.2	64.0	At12	
9	Spectrogram 1	1	2018_08_13_14_37_54.wav	5796.139	5796.139074539	5803.817594149	43.3	2359.2	7.679	2315.9	64.1	At12	
10	Spectrogram 1	1	2018_08_13_14_37_54.wav	5805.276	5805.275690033	5812.101040798	34.6	2411.1	6.825	2376.5	61.0	At13	
11	Spectrogram 1	1	2018_08_13_14_37_54.wav	5812.476	5812.476435090	5817.800208686	13.0	2411.1	5.324	2398.1	60.6	At13	
12	Spectrogram 1	1	2018_08_13_14_37_54.wav	5818.244	5818.243856486	5826.809671695	43.3	2454.4	8.566	2411.1	59.8	At13	
13	Spectrogram 1	1	2018_08_13_14_37_54.wav	5827.588	5827.588013057	5833.389561207	34.6	2393.8	5.802	2359.2	60.3	Db12	
14	Spectrogram 1	1	2018_08_13_14_37_54.wav	5834.209	5834.208603299	5841.136334325	56.3	2333.2	6.928	2276.9	60.8	Db12	
15	Spectrogram 1	1	2018_08_13_14_37_54.wav	5841.785	5841.784742648	5855.640204700	64.9	2406.8	13.855	2341.8	55.4	Dj1117	
16	Spectrogram 1	1	2018_08_13_14_37_54.wav	5858.413	5858.412559833	5874.042613084	108.2	2337.5	15.630	2229.3	55.7	Dj1117	
17	Spectrogram 1	1	2018_08_13_14_37_54.wav	5874.616	5874.615689059	5888.948925665	86.6	2363.5	14.333	2276.9	51.4	Dj127	
18	Spectrogram 1	1	2018_08_13_14_37_54.wav	5891.566	5891.566320128	5900.712290153	99.6	2437.1	9.146	2337.5	53.2	Db12	
19	Spectrogram 1	1	2018_08_13_14_37_54.wav	5901.873	5901.872599783	5907.674147933	121.2	2424.1	5.802	2302.9	55.2	Db12	
20	Spectrogram 1	1	2018_08_13_14_37_54.wav	5908.050	5908.049542225	5913.953470636	90.9	2376.5	5.904	2285.6	57.0	Db12	
21	Spectrogram 1	1	2018_08_13_14_37_54.wav	5914.680	5914.680242640	5919.935762729	82.2	2437.1	5.256	2354.8	55.6	Db12	
22	Spectrogram 1	1	2018_08_13_14_37_54.wav	5920.448	5920.447664036	5924.884142033	108.2	2502.0	4.436	2393.8	64.0	Db12	
23	Spectrogram 1	1	2018_08_13_14_37_54.wav	5925.328	5925.327789833	5929.798394584	151.5	2428.4	4.471	2276.9	63.4	Db12	
24	Spectrogram 1	1	2018_08_13_14_37_54.wav	5930.686	5930.685690183	5936.555491841	73.6	2411.1	5.870	2337.5	63.3	Db12	
25	Spectrogram 1	1	2018_08_13_14_37_54.wav	5937.215	5937.215275307	5941.890640581	151.5	2393.8	4.675	2242.3	66.3	Db12	
26	Spectrogram 1	1	2018_08_13_14_37_54.wav	5942.437	5942.436668642	5947.828695746	69.3	2398.1	5.392	2328.9	67.8	Db13	
27	Spectrogram 1	1	2018_08_13_14_37_54.wav	5948.258	5948.258186195	5955.766072036	43.3	2406.8	7.508	2363.5	67.9	At12	
28	Spectrogram 1	1	2018_08_13_14_37_54.wav	5956.790	5956.789874651	5961.840634217	56.3	2385.1	5.051	2328.9	62.7	At11	
29	Spectrogram 1	1	2018_08_13_14_37_54.wav	5962.660	5962.659676309	5968.836618751	34.6	2463.0	6.177	2428.4	68.1	At13	
30	Spectrogram 1	1	2018_08_13_14_37_54.wav	5969.246	5969.246139797	5974.296899362	13.0	2493.4	5.051	2480.4	68.5	At12	
31	Spectrogram 1	1	2018_08_13_14_37_54.wav	5974.671	5974.671028849	5982.076534429	103.9	2484.7	7.406	2380.8	64.2	At12	
32	Spectrogram 1	1	2018_08_13_14_37_54.wav	5983.032	5983.032083536	5990.232828593	51.9	2510.7	7.201	2458.7	67.3	At12	
33	Spectrogram 1	1	2018_08_13_14_37_54.wav	5990.949	5990.949490423	5998.696263541	86.6	2515.0	7.747	2428.4	67.9	At15	
34	Spectrogram 1	1	2018_08_13_14_37_54.wav	5999.178	5999.178088722	6006.720101317	69.3	2467.4	7.542	2398.1	66.4	At12	
35	Spectrogram 1	1	2018_08_13_14_37_54.wav	6007.880	6007.880410947	6020.575563369	69.3	2549.6	12.695	2480.4	64.8	Dj1212	
36	Spectrogram 1	1	2018_08_13_14_37_54.wav	6021.267	6021.267197733	6036.658363708	82.2	2584.3	15.391	2502.0	58.0	Dj1114	
37	Spectrogram 1	1	2018_08_13_14_37_54.wav	6036.829	6036.828997477	6050.616206021	69.3	2502.0	13.787	2432.7	62.2	Dj1113	
38	Spectrogram 1	1	2018_08_13_14_37_54.wav	6051.245	6051.245148152	6057.968118655	142.8	2502.0	6.723	2359.2	59.8	Db11	
39	Spectrogram 1	1	2018_08_13_14_37_54.wav	6058.958	6058.957794516	6065.885525542	69.3	2571.3	6.928	2502.0	60.1	Db13	
40	Spectrogram 1	1	2018_08_13_14_37_54.wav	6066.227	6066.226793080	6071.994214476	99.6	2497.7	5.767	2398.1	56.7	Db12	
41	Spectrogram 1	1	2018_08_13_14_37_54.wav	6073.522	6073.522333372	6080.757205182	30.3	2489.0	7.235	2458.7	63.3	Db12	
42	Spectrogram 1	1	2018_08_13_14_37_54.wav	6081.440	6081.439740259	6086.149232286	26.0	2480.4	4.709	2454.4	69.8	Db12	
43	Spectrogram 1	1	2018_08_13_14_37_54.wav	6086.422	6086.422246317	6094.953934773	69.3	2450.1	8.532	2380.8	68.3	Db13	
44	Spectrogram 1	1	2018_08_13_14_37_54.wav	6096.285	6096.284878172	6102.393567106	108.2	2497.7	6.109	2389.5	70.6	Db12	
45	Spectrogram 1	1	2018_08_13_14_37_54.wav	6102.729	6102.728766855	6108.769202282	51.9	2467.4	6.040	2415.4	69.1	Db13	
46	Spectrogram 1	1	2018_08_13_14_37_54.wav	6109.110	6109.110469820	6116.823116184	82.2	2476.0	7.713	2393.8	67.6	Db12	
47	Spectrogram 1	1	2018_08_13_14_37_54.wav	6117.807	6117.806730932	6124.905095727	64.9	2506.3	7.098	2441.4	67.8	At13	
48	Spectrogram 1	1	2018_08_13_14_37_54.wav	6125.519	6125.519377296	6131.150291677	30.3	2558.3	5.631	2528.0	71.0	At13	
49	Spectrogram 1	1	2018_08_13_14_37_54.wav	6131.594	6131.593939477	6138.931191549	99.6	2579.9	7.337	2480.4	63.2	At12	
50	Spectrogram 1	1	2018_08_13_14_37_54.wav	6139.456	6139.455731153	6144.131096426	56.3	2623.2	4.675	2566.9	70.5	At12	
51	Spectrogram 1	1	2018_08_13_14_37_54.wav	6144.302	6144.301730196	6147.339011286	43.3	2601.6	3.037	2558.3	74.0	At12	
52	Spectrogram 1	1	2018_08_13_14_37_54.wav	6148.022	6148.021546362	6152.048503313	51.9	2601.6	4.027	2549.6	73.0	At12	
53	Spectrogram 1	1	2018_08_13_14_37_54.wav	6152.424	6152.423897606	6164.061120659	0.0	2623.2	11.637	2623.2	68.6	Dj1212	
54	Spectrogram 1	1	2018_08_13_14_37_54.wav	6164.184	6164.184229107	6180.940465234	39.0	2614.6	16.756	2575.6	62.6	Dj1215	
55	Spectrogram 1	1	2018_08_13_14_37_54.wav	6181.639	6181.638671758	6186.041023001	138.5	2566.9	4.402	2428.4	63.1	Db11	
56	Spectrogram 1	1	2018_08_13_14_37_54.wav	6186.382	6186.382290540	6194.265570673	186.1	2610.2	7.883	2424.1	63.9	Db14	
57	Spectrogram 1	1	2018_08_13_14_37_54.wav	6194.504	6194.504457949	6201.125048191	0.0	2623.2	6.621	2623.2	67.3	Db12	
58	Spectrogram 1	1	2018_08_13_14_37_54.wav	6201.364	6201.363935468	6206.585328803	64.9	2627.5	5.221	2562.6	60.1	Db13	
59	Spectrogram 1	1	2018_08_13_14_37_54.wav	6206.829	6206.829271002	6215.156198935	155.8	2605.9	8.327	2450.1	66.5	Db13	
60	Spectrogram 1	1	2018_08_13_14_37_54.wav	6215.742	6215.742426815	6221.543974965	138.5	2575.6	5.802	2437.1	69.9	Db12	
61	Spectrogram 1	1	2018_08_13_14_37_54.wav	6222.090	6222.090003027	6227.482030131	69.3	2575.6	5.392	2506.3	68.8	Db12	
62	Spectrogram 1	1	2018_08_13_14_37_54.wav	6228.403	6228.403452484	6237.830777208	86.6	2519.3	9.427	2432.7	64.4	Db13	
63	Spectrogram 1	1	2018_08_13_14_37_54.wav	6238.957	6238.956960084	6245.714057341	43.3	2532.3	6.757	2489.0	59.7	Db12	
64	Spectrogram 1	1	2018_08_13_14_37_54.wav	6245.885	6245.884691111	6254.962407628	86.6	2541.0	9.078	2454.4	63.1	Db13	
65	Spectrogram 1	1	2018_08_13_14_37_54.wav	6255.859	6255.858549919	6261.318830530	69.3	2588.6	5.460	2519.3	63.0	At12	
66	Spectrogram 1	1	2018_08_13_14_37_54.wav	6261.865	6261.864858592	6268.724336110	43.3	2575.6	6.859	2532.3	67.6	At14	
67	Spectrogram 1	1	2018_08_13_14_37_54.wav	6268.929	6268.929096633	6278.416334196	77.9	2549.6	9.487	2471.7	65.7	At13	
68	Spectrogram 1	1	2018_08_13_14_37_54.wav	6278.768	6278.768470362	6284.808905789	21.6	2571.3	6.040	2549.6	63.6	At12	
69	Spectrogram 1	1	2018_08_13_14_37_54.wav	6285.764	6285.764454896	6292.487425399	56.3	2554.0	6.723	2497.7	66.3	At14	
70	Spectrogram 1	1	2018_08_13_14_37_54.wav	6292.590	6292.589805660	6300.609592809	26.0	2515.0	8.020	2489.0	67.3	At13	
71	Spectrogram 1	1	2018_08_13_14_52_54.wav	6302.198	6302.197623384	6315.507057375	69.3	2644.9	13.309	2575.6	60.6	Dj1314	
72	Spectrogram 1	1	2018_08_13_14_52_54.wav	6315.609	6315.609437636	6330.215688272	26.0	2597.2	14.606	2571.3	55.5	Dj1213	
73	Spectrogram 1	1	2018_08_13_14_52_54.wav	6330.411	6330.411346696	6338.260500076	103.9	2575.6	7.849	2471.7	57.7	Db12	
74	Spectrogram 1	1	2018_08_13_14_52_54.wav	6339.045	6339.045415414	6345.768385917	116.9	2549.6	6.723	2432.7	48.6	Db12	
75	Spectrogram 1	1	2018_08_13_14_52_54.wav	6346.792	6346.792188531	6357.132594940	138.5	2571.3	10.340	2432.7	50.9	Db13	
76	Spectrogram 1	1	2018_08_13_14_52_54.wav	6359.817	6359.816725509	6366.846836797	199.1	2445.7	7.030	2246.6	51.4	Db14	
77	Spectrogram 1	1	2018_08_13_14_52_54.wav	6367.188	6367.188104335	6375.788046299	164.5	2476.0	8.600	2311.5	56.6	Db13	
78	Spectrogram 1	1	2018_08_13_14_52_54.wav	6376.095	6376.095187083	6381.760228218	82.2	2528.0	5.665	2445.7	56.1	Db12	
79	Spectrogram 1	1	2018_08_13_14_52_54.wav	6382.033	6382.033242248	6389.950649135	160.2	2476.0	7.917	2315.9	62.1	Db13	
80	Spectrogram 1	1	2018_08_13_14_52_54.wav	6391.576	6391.575587183	6398.435064701	103.9	2476.0	6.859	2372.1	64.5	Db13	
81	Spectrogram 1	1	2018_08_13_14_52_54.wav	6399.083	6399.083473024	6404.953274682	164.5	2467.4	5.870	2302.9	66.1	Db14	
82	Spectrogram 1	1	2018_08_13_14_52_54.wav	6405.397	6405.396922481	6414.201624968	116.9	2467.4	8.805	2350.5	67.0	Db12	
83	Spectrogram 1	1	2018_08_13_14_52_54.wav	6414.769	6414.768633647	6420.228914259	108.2	2497.7	5.460	2389.5	67.9	Db12	
84	Spectrogram 1	1	2018_08_13_14_52_54.wav	6420.843	6420.843195828	6426.849504501	69.3	2463.0	6.006	2393.8	68.3	Db13	
85	Spectrogram 1	1	2018_08_13_14_52_54.wav	6426.986	6426.986011516	6434.903418403	90.9	2519.3	7.917	2428.4	64.8	At12	
86	Spectrogram 1	1	2018_08_13_14_52_54.wav	6435.803	6435.803099867	6441.229253725	82.2	2523.7	5.426	2441.4	65.9	Db12	
87	Spectrogram 1	1	2018_08_13_14_52_54.wav	6442.065	6442.065232234	6457.046877162	112.5	2398.1	14.982	2285.6	63.5	Dj1312	
88	Spectrogram 1	1	2018_08_13_14_52_54.wav	6457.946	6457.945800172	6473.917120962	108.2	2450.1	15.971	2341.8	56.9	Dj1215	
89	Spectrogram 1	1	2018_08_13_14_52_54.wav	6474.531	6474.531402531	6490.570976827	0.0	2506.3	16.040	2506.3	55.4	Dj1213	
90	Spectrogram 1	1	2018_08_13_14_52_54.wav	6491.058	6491.058363118	6499.555924820	134.2	2523.7	8.498	2389.5	57.6	Db13	
91	Spectrogram 1	1	2018_08_13_14_52_54.wav	6500.068	6500.067826127	6506.074134800	177.5	2497.7	6.006	2320.2	60.4	Db12	
92	Spectrogram 1	1	2018_08_13_14_52_54.wav	6506.415	6506.415402339	6512.319330750	142.8	2502.0	5.904	2359.2	57.2	Db13	
93	Spectrogram 1	1	2018_08_13_14_52_54.wav	6512.661	6512.661355254	6520.954156434	103.9	2519.3	8.293	2415.4	67.8	Db13	
94	Spectrogram 1	1	2018_08_13_14_52_54.wav	6522.046	6522.046212556	6527.506493168	86.6	2545.3	5.460	2458.7	65.3	Db12	
95	Spectrogram 1	1	2018_08_13_14_52_54.wav	6527.882	6527.881887460	6533.376294825	121.2	2541.0	5.494	2419.8	67.4	Db12	
96	Spectrogram 1	1	2018_08_13_14_52_54.wav	6533.547	6533.546928594	6542.795278880	64.9	2515.0	9.248	2450.1	66.3	Db13	
97	Spectrogram 1	1	2018_08_13_14_52_54.wav	6543.120	6543.119860945	6550.252352494	103.9	2536.6	7.132	2432.7	65.7	Db12	
98	Spectrogram 1	1	2018_08_13_14_52_54.wav	6550.867	6550.866634063	6557.418970797	39.0	2558.3	6.552	2519.3	66.6	Db13	
99	Spectrogram 1	1	2018_08_13_14_52_54.wav	6557.717	6557.716504619	6565.429150983	95.2	2489.0	7.713	2393.8	65.0	At12	
100	Spectrogram 1	1	2018_08_13_14_52_54.wav	6566.521	6566.521207106	6572.766403055	73.6	2515.0	6.245	2441.4	64.9	At12	
101	Spectrogram 1	1	2018_08_13_14_52_54.wav	6573.005	6573.005290332	6578.056049898	26.0	2510.7	5.051	2484.7	64.5	At13	
102	Spectrogram 1	1	2018_08_13_14_52_54.wav	6578.158	6578.158430159	6585.154414693	77.9	2476.0	6.996	2398.1	65.5	At12	
103	Spectrogram 1	1	2018_08_13_14_52_54.wav	6586.577	6586.576614318	6592.890063776	26.0	2502.0	6.313	2476.0	64.0	At13	
104	Spectrogram 1	1	2018_08_13_14_52_54.wav	6593.300	6593.299584822	6604.527286829	125.5	2502.0	11.228	2376.5	58.1	Dj1212	
105	Spectrogram 1	1	2018_08_13_14_52_54.wav	6605.196	6605.195664720	6619.597154833	112.5	2523.7	14.401	2411.1	58.7	Dj1213	
106	Spectrogram 1	1	2018_08_13_14_52_54.wav	6619.796	6619.795595135	6625.972537577	99.6	2528.0	6.177	2428.4	51.7	Db12	
107	Spectrogram 1	1	2018_08_13_14_52_54.wav	6626.216	6626.216479776	6631.062478819	82.2	2554.0	4.846	2471.7	57.9	Db11	
108	Spectrogram 1	1	2018_08_13_14_52_54.wav	6631.233	6631.233112588	6636.659266446	190.5	2532.3	5.426	2341.8	59.9	Db12	
109	Spectrogram 1	1	2018_08_13_14_52_54.wav	6637.274	6637.273548015	6643.450490457	64.9	2506.3	6.177	2441.4	56.7	Db12	
110	Spectrogram 1	1	2018_08_13_14_52_54.wav	6643.826	6643.825884749	6647.989348716	99.6	2506.3	4.163	2406.8	66.2	Db12	
111	Spectrogram 1	1	2018_08_13_14_52_54.wav	6649.431	6649.430760449	6655.641829645	69.3	2588.6	6.211	2519.3	55.9	Db12	
112	Spectrogram 1	1	2018_08_13_14_52_54.wav	6656.700	6656.699759014	6662.467180410	155.8	2571.3	5.767	2415.4	55.1	Db12	
113	Spectrogram 1	1	2018_08_13_14_52_54.wav	6662.740	6662.740194440	6668.712376359	129.9	2519.3	5.972	2389.5	59.0	Db12	
114	Spectrogram 1	1	2018_08_13_14_52_54.wav	6669.668	6669.667925466	6677.926599892	142.8	2601.6	8.259	2458.7	63.0	Db12	
115	Spectrogram 1	1	2018_08_13_14_52_54.wav	6679.115	6679.115473514	6685.360669464	103.9	2536.6	6.245	2432.7	64.8	Db12	
116	Spectrogram 1	1	2018_08_13_14_52_54.wav	6685.497	6685.497176479	6691.708245675	95.2	2515.0	6.211	2419.8	67.5	Db14	
117	Spectrogram 1	1	2018_08_13_14_52_54.wav	6692.186	6692.186020228	6700.444694653	47.6	2566.9	8.259	2519.3	65.6	Db12	
118	Spectrogram 1	1	2018_08_13_14_52_54.wav	6701.541	6701.541047244	6708.878299316	64.9	2532.3	7.337	2467.4	66.3	At12	
119	Spectrogram 1	1	2018_08_13_14_52_54.wav	6709.015	6709.014806331	6715.157622020	73.6	2519.3	6.143	2445.7	67.3	At14	
120	Spectrogram 1	1	2018_08_13_14_52_54.wav	6715.567	6715.567143065	6723.689310475	69.3	2558.3	8.122	2489.0	63.3	At12	
121	Spectrogram 1	1	2018_08_13_14_52_54.wav	6724.498	6724.497986822	6729.821760418	64.9	2566.9	5.324	2502.0	65.8	At12	
122	Spectrogram 1	1	2018_08_13_14_52_54.wav	6730.095	6730.094774449	6736.339970398	73.6	2541.0	6.245	2467.4	65.8	At13	
123	Spectrogram 1	1	2018_08_13_14_52_54.wav	6737.091	6737.090758982	6754.495403432	151.5	2528.0	17.405	2376.5	60.7	Dj1116	
124	Spectrogram 1	1	2018_08_13_14_52_54.wav	6756.048	6756.048302794	6771.268835000	99.6	2575.6	15.221	2476.0	59.8	Dj1114	
125	Spectrogram 1	1	2018_08_13_14_52_54.wav	6773.146	6773.145806460	6778.981481364	108.2	2528.0	5.836	2419.8	56.7	Db11	
126	Spectrogram 1	1	2018_08_13_14_52_54.wav	6780.210	6780.210044501	6784.100494437	207.8	2558.3	3.890	2350.5	58.0	Db11	
127	Spectrogram 1	1	2018_08_13_14_52_54.wav	6785.406	6785.405651587	6791.309579999	160.2	2575.6	5.904	2415.4	56.4	Db13	
128	Spectrogram 1	1	2018_08_13_14_52_54.wav	6791.617	6791.616720783	6796.769860610	99.6	2562.6	5.153	2463.0	61.5	Db12	
129	Spectrogram 1	1	2018_08_13_14_52_54.wav	6797.828	6797.827789979	6804.687267497	82.2	2597.2	6.859	2515.0	63.3	Db13	
130	Spectrogram 1	1	2018_08_13_14_52_54.wav	6805.131	6805.130915297	6809.908660832	194.8	2588.6	4.778	2393.8	62.2	Db12	
131	Spectrogram 1	1	2018_08_13_14_52_54.wav	6810.182	6810.181674863	6818.064954996	95.2	2545.3	7.883	2450.1	69.7	Db13	
