Selection	View	Channel	Begin File	Begin Clock Time	Begin Time (s)	End Time (s)	Low Freq (Hz)	High Freq (Hz)	Delta Time (s)	Delta Freq (Hz)	Category	Comment
1	Spectrogram 1	1	Abrolhos_24ago2013.mp3	1.277	1.277093900	14.955441723	117.8	2651.6	13.678	2533.8	Ec14	
2	Spectrogram 1	1	Abrolhos_24ago2013.mp3	16.501	16.501397496	29.037522523	61.1	2629.8	12.536	2568.7	Ec41	
3	Spectrogram 1	1	Abrolhos_24ago2013.mp3	29.743	29.743284941	69.467626775	65.4	2621.1	39.724	2555.6	Gb131	
4	Spectrogram 1	1	Abrolhos_24ago2013.mp3	69.799	69.798842297	74.873610163	61.1	2616.7	5.075	2555.6	Gb11	
5	Spectrogram 1	1	Abrolhos_24ago2013.mp3	75.344	75.344118442	80.687748181	95.9	2625.4	5.344	2529.5	Gb11	
6	Spectrogram 1	1	Abrolhos_24ago2013.mp3	80.912	80.912365176	86.457641321	48.0	2655.9	5.545	2608.0	Gb11	
7	Spectrogram 1	1	Abrolhos_24ago2013.mp3	86.827	86.827326397	91.868486528	69.8	2682.1	5.041	2612.3	Gb11	
8	Spectrogram 1	1	Abrolhos_24ago2013.mp3	92.305	92.305387073	96.539961583	52.3	2655.9	4.235	2603.6	Gb11	
9	Spectrogram 1	1	Abrolhos_24ago2013.mp3	96.883	96.883445528	101.218843241	87.2	2655.9	4.335	2568.7	Gb11	
10	Spectrogram 1	1	Abrolhos_24ago2013.mp3	101.521	101.521312849	105.789495094	61.1	2625.4	4.268	2564.4	Gb11	
11	Spectrogram 1	1	Abrolhos_24ago2013.mp3	106.226	106.226395638	111.704456314	69.8	2625.4	5.478	2555.6	Gb11	
12	Spectrogram 1	1	Abrolhos_24ago2013.mp3	112.024	112.024186541	115.922683709	65.4	2560.0	3.898	2494.6	Gb11	
13	Spectrogram 1	1	Abrolhos_24ago2013.mp3	116.192	116.191545583	120.661374233	100.3	2542.6	4.470	2442.2	Gb11	
14	Spectrogram 1	1	Abrolhos_24ago2013.mp3	120.930	120.930236106	133.331490029	48.0	2525.1	12.401	2477.1	Gb31	
15	Spectrogram 1	1	Abrolhos_24ago2013.mp3	133.836	133.835638554	138.708760014	78.5	2551.3	4.873	2472.8	Gb11	
16	Spectrogram 1	1	Abrolhos_24ago2013.mp3	139.213	139.212876027	144.287643893	39.3	2551.3	5.075	2512.0	Gb11	
17	Spectrogram 1	1	Abrolhos_24ago2013.mp3	144.758	144.758152171	149.866527771	56.7	2507.7	5.108	2451.0	Gb11	
18	Spectrogram 1	1	Abrolhos_24ago2013.mp3	150.169	150.168997379	154.840472434	39.3	2490.2	4.671	2451.0	Gb11	
19	Spectrogram 1	1	Abrolhos_24ago2013.mp3	155.268	155.267992135	159.401743442	113.4	2485.9	4.134	2372.5	Gb11	
20	Spectrogram 1	1	Abrolhos_24ago2013.mp3	160.074	160.073898127	166.627406297	56.7	2472.8	6.554	2416.1	Gb11	
21	Spectrogram 1	1	Abrolhos_24ago2013.mp3	167.031	167.030699108	171.971036036	48.0	2485.9	4.940	2437.9	Gb11	
22	Spectrogram 1	1	Abrolhos_24ago2013.mp3	172.408	172.407936581	176.944980699	43.6	2485.9	4.537	2442.2	Gb11	
23	Spectrogram 1	1	Abrolhos_24ago2013.mp3	177.449	177.449096712	181.145947475	69.8	2481.5	3.697	2411.7	Gb11	
24	Spectrogram 1	1	Abrolhos_24ago2013.mp3	181.751	181.750919203	186.792079334	56.7	2507.7	5.041	2451.0	Gb11	
25	Spectrogram 1	1	Abrolhos_24ago2013.mp3	187.296	187.296195347	192.202924541	74.1	2498.9	4.907	2424.8	Gb11	
26	Spectrogram 1	1	Abrolhos_24ago2013.mp3	192.741	192.740648289	197.781808420	74.1	2498.9	5.041	2424.8	Gb11	
27	Spectrogram 1	1	Abrolhos_24ago2013.mp3	198.223	198.222852515	220.672818967	82.9	2564.4	22.450	2481.5	Gb15	
28	Spectrogram 1	1	Abrolhos_24ago2013.mp3	224.386	224.386082032	228.990341619	21.8	2494.6	4.604	2472.8	As11	
29	Spectrogram 1	1	Abrolhos_24ago2013.mp3	230.167	230.166612316	235.577457524	17.4	2546.9	5.411	2529.5	As11	
30	Spectrogram 1	1	Abrolhos_24ago2013.mp3	236.384	236.384043145	241.492418744	13.1	2586.2	5.108	2573.1	As11	
31	Spectrogram 1	1	Abrolhos_24ago2013.mp3	241.693	241.692874037	244.280669571	0.0	2603.6	2.588	2603.6	Jb11	
32	Spectrogram 1	1	Abrolhos_24ago2013.mp3	245.524	245.524155737	248.716890487	0.0	2608.0	3.193	2608.0	Jb11	
33	Spectrogram 1	1	Abrolhos_24ago2013.mp3	249.557	249.557083842	252.413741250	0.0	2603.6	2.857	2603.6	Jb11	
34	Spectrogram 1	1	Abrolhos_24ago2013.mp3	253.153	253.153111402	256.177807481	4.4	2625.4	3.025	2621.1	Jb11	
35	Spectrogram 1	1	Abrolhos_24ago2013.mp3	256.850	256.849962165	259.740227307	0.0	2634.1	2.890	2634.1	Jb11	
36	Spectrogram 1	1	Abrolhos_24ago2013.mp3	261.257	261.256718897	276.413807025	52.3	2642.9	15.157	2590.5	Ec32	
37	Spectrogram 1	1	Abrolhos_24ago2013.mp3	277.826	277.825772194	293.688622740	65.4	2634.1	15.863	2568.7	Ec34	
38	Spectrogram 1	1	Abrolhos_24ago2013.mp3	294.402	294.402099716	302.367132723	122.1	2560.0	7.965	2437.9	Ed11	
39	Spectrogram 1	1	Abrolhos_24ago2013.mp3	302.938	302.938464205	308.315701678	104.7	2533.8	5.377	2429.2	Gb11	
40	Spectrogram 1	1	Abrolhos_24ago2013.mp3	308.618	308.618171286	312.315022049	69.8	2525.1	3.697	2455.3	Gb11	
41	Spectrogram 1	1	Abrolhos_24ago2013.mp3	312.768	312.767518928	317.136524375	95.9	2525.1	4.369	2429.2	Gb11	
42	Spectrogram 1	1	Abrolhos_24ago2013.mp3	317.764	317.764026197	330.064456917	91.6	2516.4	12.300	2424.8	Gb31	
43	Spectrogram 1	1	Abrolhos_24ago2013.mp3	330.569	330.568572930	335.710556264	61.1	2494.6	5.142	2433.5	Gb11	
44	Spectrogram 1	1	Abrolhos_24ago2013.mp3	336.147	336.147456809	340.482854522	43.6	2455.3	4.335	2411.7	Gb11	
45	Spectrogram 1	1	Abrolhos_24ago2013.mp3	340.921	340.920603218	346.533094830	52.3	2498.9	5.612	2446.6	Gb11	
46	Spectrogram 1	1	Abrolhos_24ago2013.mp3	346.936	346.936387641	351.204569885	61.1	2503.3	4.268	2442.2	Gb11	
47	Spectrogram 1	1	Abrolhos_24ago2013.mp3	351.608	351.607862696	356.480984156	78.5	2507.7	4.873	2429.2	Gb11	
48	Spectrogram 1	1	Abrolhos_24ago2013.mp3	356.951	356.951492435	363.168923263	69.8	2529.5	6.217	2459.7	Gb11	
49	Spectrogram 1	1	Abrolhos_24ago2013.mp3	363.627	363.627162790	368.533891985	91.6	2581.8	4.907	2490.2	Gb11	
50	Spectrogram 1	1	Abrolhos_24ago2013.mp3	368.904	368.903577061	373.205367040	21.8	2612.3	4.302	2590.5	Gb11	
51	Spectrogram 1	1	Abrolhos_24ago2013.mp3	373.812	373.811970047	378.080152291	4.4	2625.4	4.268	2621.1	Gb11	
52	Spectrogram 1	1	Abrolhos_24ago2013.mp3	378.517	378.517052836	383.289351093	95.9	2625.4	4.772	2529.5	Gb11	
53	Spectrogram 1	1	Abrolhos_24ago2013.mp3	383.757	383.757004304	389.100634043	56.7	2608.0	5.344	2551.3	Gb11	
54	Spectrogram 1	1	Abrolhos_24ago2013.mp3	389.504	389.503926854	394.511479251	78.5	2594.9	5.008	2516.4	Gb11	
56	Spectrogram 1	1	Abrolhos_24ago2013.mp3	394.939	394.938982481	417.758634009	56.7	2590.5	22.820	2533.8	Gb15	
