Selection	View	Channel	Begin Time (s)	End Time (s)	Low Freq (Hz)	High Freq (Hz)	Delta Freq (Hz)	Peak Freq (Hz)	Delta Time (s)	UNIT
1	Spectrogram 1	1	0.000000000	2.473853408	0.0	3900.5	3900.5	281.2	2.474	A1
2	Spectrogram 1	1	3.559935392	5.611423585	0.0	4242.6	4242.6	1359.4	2.051	B
3	Spectrogram 1	1	8.085276993	13.213997473	159.8	4105.8	3946.0	281.2	5.129	A1
4	Spectrogram 1	1	14.300079457	16.472243426	0.0	4174.2	4174.2	750.0	2.172	B
5	Spectrogram 1	1	20.454544034	24.859209859	68.4	3626.8	3558.4	914.1	4.405	A1
6	Spectrogram 1	1	25.864144652	28.358807363	0.0	4379.5	4379.5	679.7	2.495	B
7	Spectrogram 1	1	29.565565123	34.090906723	0.0	3079.3	3079.3	656.2	4.525	A1
8	Spectrogram 1	1	37.288814788	39.038613540	0.0	4105.8	4105.8	796.9	1.750	B
9	Spectrogram 1	1	42.055507940	46.701525317	0.0	3284.6	3284.6	421.9	4.646	A1
10	Spectrogram 1	1	48.028958853	50.382136485	0.0	4584.8	4584.8	726.6	2.353	B
11	Spectrogram 1	1	54.424774982	57.984710374	0.0	3421.5	3421.5	421.9	3.560	A1
12	Spectrogram 1	1	58.889778694	60.760253222	0.0	4379.5	4379.5	750.0	1.870	B
13	Spectrogram 1	1	62.872079302	67.095731463	0.0	3010.9	3010.9	281.2	4.224	A1
14	Spectrogram 1	1	69.448909095	71.259045735	0.0	4242.6	4242.6	726.6	1.810	B
15	Spectrogram 1	1	74.225699616	78.472687033	328.1	2737.2	2409.1	960.9	4.247	A1
16	Spectrogram 1	1	79.404660616	81.456148808	0.0	4379.5	4379.5	656.2	2.051	5
17	Spectrogram 1	1	84.111015881	88.636357481	0.0	2737.2	2737.2	914.1	4.525	A1
18	Spectrogram 1	1	89.601763689	91.801713816	0.0	4584.8	4584.8	562.5	2.200	5
19	Spectrogram 1	1	91.848026470	92.717012974	0.0	5374.0	5374.0	351.6	0.869	K
20	Spectrogram 1	1	95.032173610	95.816566154	0.0	3900.5	3900.5	1968.8	0.784	O
21	Spectrogram 1	1	96.540620810	97.325013354	0.0	3832.1	3832.1	1828.1	0.784	O
22	Spectrogram 1	1	97.566364906	99.557515210	0.0	3968.9	3968.9	937.5	1.991	5
23	Spectrogram 1	1	99.919542538	101.005624522	0.0	4858.5	4858.5	773.4	1.086	K
24	Spectrogram 1	1	103.600085494	104.324208363	79.9	3832.1	3752.2	1875.0	0.724	O
25	Spectrogram 1	1	105.108600907	105.892993451	0.0	4037.4	4037.4	515.6	0.784	O
26	Spectrogram 1	1	106.074007115	108.547860523	0.0	4037.4	4037.4	515.6	2.474	R
27	Spectrogram 1	1	108.849549963	109.995969835	0.0	4242.6	4242.6	820.3	1.146	K
28	Spectrogram 1	1	112.831850572	113.797256780	85.9	3489.9	3404.0	960.9	0.965	O
29	Spectrogram 1	1	114.644641827	115.437578994	104.7	3489.9	3385.2	679.7	0.793	O
30	Spectrogram 1	1	115.909082860	118.201922604	0.0	3284.6	3284.6	1710.9	2.293	R
31	Spectrogram 1	1	118.262260492	119.106990924	0.0	5269.1	5269.1	820.3	0.845	K
32	Spectrogram 1	1	122.415455193	123.283622286	48.2	4311.1	4262.9	1828.1	0.868	O
33	Spectrogram 1	1	124.235711405	125.201117613	0.0	4379.5	4379.5	679.7	0.965	O
34	Spectrogram 1	1	125.925172269	127.735308909	0.0	3216.2	3216.2	1007.8	1.810	R
35	Spectrogram 1	1	127.916322573	128.942066669	0.0	5132.2	5132.2	843.8	1.026	K
36	Spectrogram 1	1	131.898623181	132.941428898	104.7	3968.9	3864.2	328.1	1.043	O
37	Spectrogram 1	1	133.889773486	134.714489013	67.0	3763.6	3696.6	960.9	0.825	O
38	Spectrogram 1	1	135.941261678	137.329033102	0.0	3558.3	3558.3	1781.2	1.388	R
39	Spectrogram 1	1	137.691060430	138.716804526	0.0	5063.8	5063.8	796.9	1.026	K
40	Spectrogram 1	1	141.854374703	142.942668647	85.9	3832.1	3746.2	796.9	1.088	O
41	Spectrogram 1	1	144.931606991	146.198702639	0.0	2942.5	2942.5	257.8	1.267	R
42	Spectrogram 1	1	146.621067855	147.827825615	0.0	4516.4	4516.4	843.8	1.207	K
43	Spectrogram 1	1	151.103506455	152.611953655	0.0	5132.2	5132.2	1875.0	1.508	O
44	Spectrogram 1	1	153.818711416	155.689185944	0.0	3832.1	3832.1	210.9	1.870	R
45	Spectrogram 1	1	155.957598416	157.043680400	0.0	4242.6	4242.6	843.8	1.086	K
46	Spectrogram 1	1	160.998920088	162.386691512	0.0	4174.2	4174.2	796.9	1.388	O
47	Spectrogram 1	1	163.412435609	166.550005785	0.0	3284.6	3284.6	867.2	3.138	5
48	Spectrogram 1	1	166.999431921	167.844162353	0.0	3626.8	3626.8	445.3	0.845	K
49	Spectrogram 1	1	170.713320057	171.980415705	0.0	3489.9	3489.9	1992.2	1.267	O
50	Spectrogram 1	1	173.368187130	175.057647994	0.0	3353.1	3353.1	492.2	1.689	5
51	Spectrogram 1	1	175.627749906	176.412142450	0.0	3626.8	3626.8	820.3	0.784	K
52	Spectrogram 1	1	180.153173339	181.661620540	0.0	4242.6	4242.6	1992.2	1.508	O
53	Spectrogram 1	1	183.411419292	184.859528604	0.0	3489.9	3489.9	539.1	1.448	5
54	Spectrogram 1	1	185.161218044	186.367975804	0.0	3284.6	3284.6	351.6	1.207	K
55	Spectrogram 1	1	189.807235420	191.557034173	0.0	3763.6	3763.6	1921.9	1.750	O
56	Spectrogram 1	1	193.608522365	194.935955901	0.0	3079.3	3079.3	562.5	1.327	5
57	Spectrogram 1	1	195.177307453	196.504740989	0.0	3216.2	3216.2	867.2	1.327	K
58	Spectrogram 1	1	199.702649053	201.633461470	0.0	3832.1	3832.1	984.4	1.931	O
59	Spectrogram 1	1	202.719543454	204.650355870	0.0	3284.6	3284.6	632.8	1.931	5
60	Spectrogram 1	1	205.253734750	206.038127294	0.0	3558.3	3558.3	796.9	0.784	K
61	Spectrogram 1	1	209.477386910	210.804820447	0.0	3763.6	3763.6	1945.3	1.327	O
62	Spectrogram 1	1	212.856308639	214.425093727	0.0	3284.6	3284.6	539.1	1.569	5
63	Spectrogram 1	1	214.787121055	215.511175711	0.0	2874.0	2874.0	820.3	0.724	K
64	Spectrogram 1	1	216.295568255	218.467732223	0.0	3489.9	3489.9	632.8	2.172	A1
65	Spectrogram 1	1	222.691384384	224.380845248	0.0	3832.1	3832.1	937.5	1.689	5
66	Spectrogram 1	1	224.803210464	226.070306112	0.0	3695.2	3695.2	820.3	1.267	K
67	Spectrogram 1	1	229.690579392	231.259364481	0.0	3900.5	3900.5	515.6	1.569	O
68	Spectrogram 1	1	233.069501121	235.120989313	0.0	3489.9	3489.9	562.5	2.051	5
69	Spectrogram 1	1	235.483016641	236.931125953	0.0	3626.8	3626.8	562.5	1.448	K
70	Spectrogram 1	1	244.971967190	250.040349783	0.0	3449.3	3449.3	796.9	5.068	A1
71	Spectrogram 1	1	251.247107543	252.574541079	0.0	3518.3	3518.3	796.9	1.327	B
72	Spectrogram 1	1	256.979206903	261.745900056	0.0	3380.3	3380.3	328.1	4.767	A1
73	Spectrogram 1	1	262.952657816	264.461105016	0.0	3794.2	3794.2	679.7	1.508	B
74	Spectrogram 1	1	268.624419288	272.908409337	0.0	3725.2	3725.2	468.8	4.284	A1
75	Spectrogram 1	1	274.356518649	275.804627961	0.0	4001.2	4001.2	562.5	1.448	B
76	Spectrogram 1	1	278.942198137	285.157000602	0.0	3173.4	3173.4	515.6	6.215	A1
77	Spectrogram 1	1	286.122406810	287.872205562	0.0	4208.1	4208.1	468.8	1.750	B
78	Spectrogram 1	1	291.070113627	296.560861435	0.0	3449.3	3449.3	328.1	5.491	A1
79	Spectrogram 1	1	297.646943419	299.457080060	0.0	4553.1	4553.1	867.2	1.810	B
80	Spectrogram 1	1	302.292960796	307.059653948	0.0	3242.3	3242.3	304.7	4.767	A1
81	Spectrogram 1	1	308.085398044	309.292155805	0.0	4622.1	4622.1	960.9	1.207	B
82	Spectrogram 1	1	312.091832768	314.203658848	0.0	3173.4	3173.4	304.7	2.112	A1
83	Spectrogram 1	1	317.196419133	318.282501117	0.0	4139.2	4139.2	867.2	1.086	B
84	Spectrogram 1	1	320.541992265	322.352128906	0.0	5772.8	5772.8	304.7	1.810	21
85	Spectrogram 1	1	324.282941322	325.369023306	0.0	3477.6	3477.6	1031.2	1.086	D2
86	Spectrogram 1	1	327.661863050	328.747945034	0.0	5216.4	5216.4	1710.9	1.086	21
87	Spectrogram 1	1	330.075378570	330.618419562	0.0	3129.8	3129.8	445.3	0.543	D2
88	Spectrogram 1	1	331.583825770	333.333624523	0.0	5911.9	5911.9	890.6	1.750	21
89	Spectrogram 1	1	336.591870475	337.376263019	0.0	3894.9	3894.9	1992.2	0.784	D2
90	Spectrogram 1	1	338.426556804	339.779256327	0.0	5656.9	5656.9	1570.3	1.353	21
91	Spectrogram 1	1	340.909598700	341.271334989	0.0	4590.4	4590.4	656.2	0.362	D2
92	Spectrogram 1	1	342.565321388	344.918499020	0.0	5981.4	5981.4	1710.9	2.353	21
93	Spectrogram 1	1	347.891109074	348.252845363	0.0	5633.7	5633.7	1734.4	0.362	D2
94	Spectrogram 1	1	349.982768984	351.249864632	0.0	5911.9	5911.9	1242.2	1.267	21
95	Spectrogram 1	1	351.672229848	353.120339160	0.0	5216.4	5216.4	398.4	1.448	D2
96	Spectrogram 1	1	353.663380152	355.473516792	0.0	6537.8	6537.8	1757.8	1.810	21
97	Spectrogram 1	1	357.947370201	359.455817401	0.0	5494.6	5494.6	1781.2	1.508	D2
98	Spectrogram 1	1	360.059196281	362.291698137	0.0	6190.1	6190.1	1148.4	2.233	21
99	Spectrogram 1	1	362.641861615	362.967424275	0.0	4868.6	4868.6	1148.4	0.326	D2
100	Spectrogram 1	1	363.739807449	365.851633529	0.0	6398.7	6398.7	1101.6	2.112	21
101	Spectrogram 1	1	368.284947721	368.610510381	0.0	5981.4	5981.4	328.1	0.326	D2
102	Spectrogram 1	1	371.364262215	374.019129288	0.0	3408.0	3408.0	421.9	2.655	5
103	Spectrogram 1	1	375.105211272	375.406900712	0.0	3199.4	3199.4	492.2	0.302	D2
104	Spectrogram 1	1	376.070617480	377.639402568	0.0	3616.7	3616.7	515.6	1.569	5
105	Spectrogram 1	1	378.196522035	378.485911066	0.0	3547.1	3547.1	585.9	0.289	D2
106	Spectrogram 1	1	379.932242312	382.888798825	0.0	3755.8	3755.8	609.4	2.957	5
107	Spectrogram 1	1	384.056649914	384.382212574	0.0	3547.1	3547.1	445.3	0.326	D2
108	Spectrogram 1	1	385.604003785	388.319208745	0.0	3964.4	3964.4	609.4	2.715	5
109	Spectrogram 1	1	389.043263401	389.278610268	0.0	3616.7	3616.7	562.5	0.235	D2
110	Spectrogram 1	1	389.887993833	391.637792586	0.0	3477.6	3477.6	585.9	1.750	5
111	Spectrogram 1	1	392.895973156	393.366230332	0.0	4173.1	4173.1	539.1	0.470	D2
112	Spectrogram 1	1	397.369891946	399.542055914	0.0	2643.0	2643.0	398.4	2.172	5
113	Spectrogram 1	1	402.988415615	403.458672790	0.0	2643.0	2643.0	234.4	0.470	D2
114	Spectrogram 1	1	405.908441971	408.563309043	0.0	2851.6	2851.6	515.6	2.655	5
115	Spectrogram 1	1	412.726623316	413.390340084	0.0	3199.4	3199.4	257.8	0.664	D2
116	Spectrogram 1	1	414.778111508	416.346896596	0.0	3129.8	3129.8	515.6	1.569	5
117	Spectrogram 1	1	416.165882932	416.648586036	0.0	2643.0	2643.0	515.6	0.483	D2
118	Spectrogram 1	1	420.027507764	421.656630741	0.0	4659.9	4659.9	1945.3	1.629	O
119	Spectrogram 1	1	422.139333845	422.863388501	0.0	4590.4	4590.4	257.8	0.724	O
120	Spectrogram 1	1	423.466767381	425.095890357	0.0	4242.6	4242.6	515.6	1.629	5
121	Spectrogram 1	1	425.759607125	426.725013333	0.0	4938.2	4938.2	914.1	0.965	K
122	Spectrogram 1	1	429.410906378	430.526300278	0.0	4868.6	4868.6	421.9	1.115	O
123	Spectrogram 1	1	431.069341270	432.045504061	0.0	5007.7	5007.7	1007.8	0.976	O
124	Spectrogram 1	1	432.939815798	434.327587222	0.0	4868.6	4868.6	515.6	1.388	5
125	Spectrogram 1	1	434.930966102	435.896372310	0.0	4938.2	4938.2	1640.6	0.965	K
126	Spectrogram 1	1	438.494828166	439.466815661	0.0	5285.9	5285.9	187.5	0.972	O
127	Spectrogram 1	1	440.180362359	440.822482430	0.0	4938.2	4938.2	984.4	0.642	O
128	Spectrogram 1	1	441.387120119	443.136918871	0.0	4799.1	4799.1	398.4	1.750	5
129	Spectrogram 1	1	443.740297751	445.128069175	0.0	4799.1	4799.1	867.2	1.388	K
130	Spectrogram 1	1	447.626394893	448.567328791	0.0	4938.2	4938.2	1804.7	0.941	O
131	Spectrogram 1	1	449.532734999	450.075775992	0.0	4659.9	4659.9	515.6	0.543	O
132	Spectrogram 1	1	450.799830648	452.428953624	0.0	4173.1	4173.1	398.4	1.629	5
133	Spectrogram 1	1	452.670305176	454.299428152	0.0	4729.5	4729.5	890.6	1.629	K
134	Spectrogram 1	1	456.893957336	457.825267928	0.0	4799.1	4799.1	445.3	0.931	O
135	Spectrogram 1	1	458.503854735	459.168898810	0.0	4173.1	4173.1	515.6	0.665	21
136	Spectrogram 1	1	460.393554841	462.006083333	0.0	4381.7	4381.7	984.4	1.613	5
137	Spectrogram 1	1	462.288484233	463.314228329	0.0	4103.5	4103.5	843.8	1.026	K
138	Spectrogram 1	1	464.179651734	475.342161016	0.0	3755.8	3755.8	515.6	11.163	//////
139	Spectrogram 1	1	476.066215672	477.453987096	0.0	4103.5	4103.5	515.6	1.388	O
140	Spectrogram 1	1	479.175860551	480.563631975	0.0	3825.3	3825.3	1007.8	1.388	5
141	Spectrogram 1	1	481.106672967	481.891065511	0.0	3964.4	3964.4	914.1	0.784	K
142	Spectrogram 1	1	485.088973575	486.899110215	0.0	4103.5	4103.5	539.1	1.810	O
143	Spectrogram 1	1	487.804178535	489.614315176	0.0	3547.1	3547.1	632.8	1.810	5
144	Spectrogram 1	1	490.338369832	491.303776040	0.0	4173.1	4173.1	843.8	0.965	K
145	Spectrogram 1	1	494.622359880	496.311820744	0.0	4103.5	4103.5	632.8	1.689	O
146	Spectrogram 1	1	497.518578504	499.208039369	0.0	3755.8	3755.8	632.8	1.689	5
147	Spectrogram 1	1	499.871756137	500.837162345	0.0	4034.0	4034.0	492.2	0.965	K
148	Spectrogram 1	1	503.854056745	505.483179721	0.0	4242.6	4242.6	375.0	1.629	O
149	Spectrogram 1	1	506.991626921	508.681087786	0.0	4381.7	4381.7	632.8	1.689	5
150	Spectrogram 1	1	508.982777226	509.948183434	0.0	5077.3	5077.3	796.9	0.965	K
151	Spectrogram 1	1	513.622362795	515.016566026	142.4	4103.5	3961.1	1875.0	1.394	O
152	Spectrogram 1	1	516.223323786	517.973122538	0.0	3338.5	3338.5	539.1	1.750	5
153	Spectrogram 1	1	518.576501419	519.662583403	0.0	3686.2	3686.2	304.7	1.086	K
154	Spectrogram 1	1	522.343222468	523.187316871	0.0	4312.2	4312.2	1007.8	0.844	O
155	Spectrogram 1	1	523.524208235	524.670628107	0.0	3755.8	3755.8	632.8	1.146	21
156	Spectrogram 1	1	524.851641771	526.058399531	0.0	3686.2	3686.2	539.1	1.207	5
157	Spectrogram 1	1	527.144481515	528.532252940	0.0	3616.7	3616.7	421.9	1.388	K
158	Spectrogram 1	1	531.187120012	532.231889065	0.0	3616.7	3616.7	1968.8	1.045	21
159	Spectrogram 1	1	533.238608204	534.083338636	0.0	3825.3	3825.3	492.2	0.845	O
160	Spectrogram 1	1	535.048744844	535.772799500	0.0	3686.2	3686.2	351.6	0.724	5
161	Spectrogram 1	1	536.134826828	537.220908812	0.0	3547.1	3547.1	398.4	1.086	K
162	Spectrogram 1	1	538.676250448	599.766918784	0.0	5077.3	5077.3	304.7	61.091	///////
163	Spectrogram 1	1	603.421553270	605.008919764	292.9	3515.2	3222.3	398.4	1.587	O
164	Spectrogram 1	1	605.488821262	606.374793259	159.8	3195.7	3035.9	960.9	0.886	O
165	Spectrogram 1	1	606.670117258	607.851413253	0.0	2849.5	2849.5	328.1	1.181	R
166	Spectrogram 1	1	609.328033248	610.583160243	186.4	3754.9	3568.5	867.2	1.255	K
167	Spectrogram 1	1	613.573315732	614.422372229	106.5	3568.5	3462.0	539.1	0.849	O
168	Spectrogram 1	1	614.717696227	615.935907723	106.5	3595.1	3488.6	703.1	1.218	Q
169	Spectrogram 1	1	616.120485222	618.224668714	79.9	3808.2	3728.3	304.7	2.104	R
170	Spectrogram 1	1	618.529757978	619.736515738	0.0	5703.2	5703.2	843.8	1.207	K
171	Spectrogram 1	1	622.451720698	623.296451131	0.0	5216.4	5216.4	1992.2	0.845	O
172	Spectrogram 1	1	623.899830011	624.925574107	0.0	4590.4	4590.4	890.6	1.026	O
173	Spectrogram 1	1	625.287601435	627.097738075	0.0	4590.4	4590.4	304.7	1.810	R
174	Spectrogram 1	1	627.580441179	628.726861051	0.0	4868.6	4868.6	867.2	1.146	K
175	Spectrogram 1	1	630.838687131	632.286796443	0.0	5564.1	5564.1	914.1	1.448	O
176	Spectrogram 1	1	632.769499548	633.734905756	0.0	4381.7	4381.7	1031.2	0.965	O
177	Spectrogram 1	1	634.096933084	636.691462268	0.0	4799.1	4799.1	960.9	2.595	R
178	Spectrogram 1	1	636.993151708	638.079233692	0.0	4520.8	4520.8	890.6	1.086	K
179	Spectrogram 1	1	640.975452316	642.061534300	0.0	4659.9	4659.9	1218.8	1.086	O
180	Spectrogram 1	1	643.026940509	643.630319389	0.0	4659.9	4659.9	445.3	0.603	O
181	Spectrogram 1	1	644.656063485	646.099416667	0.0	4590.4	4590.4	937.5	1.443	R
182	Spectrogram 1	1	646.403779952	647.610537712	0.0	4683.9	4683.9	890.6	1.207	K
183	Spectrogram 1	1	650.506756336	651.773851984	0.0	5091.2	5091.2	1289.1	1.267	O
184	Spectrogram 1	1	652.196217200	653.463312848	0.0	4887.5	4887.5	937.5	1.267	O
185	Spectrogram 1	1	654.609732721	655.635476817	0.0	4616.0	4616.0	1898.4	1.026	R
186	Spectrogram 1	1	656.118179921	656.842234577	0.0	4887.5	4887.5	796.9	0.724	K
187	Spectrogram 1	1	660.640766656	661.666510752	0.0	5226.9	5226.9	1734.4	1.026	O
188	Spectrogram 1	1	663.959350496	665.189058369	0.0	5430.6	5430.6	398.4	1.230	R
189	Spectrogram 1	1	665.370072033	666.395816129	0.0	5226.9	5226.9	820.3	1.026	K
190	Spectrogram 1	1	669.955751521	670.921157729	0.0	5023.3	5023.3	1968.8	0.965	O
191	Spectrogram 1	1	672.610618593	674.420755233	0.0	5294.8	5294.8	1851.6	1.810	R
192	Spectrogram 1	1	674.601768897	675.627512994	0.0	5091.2	5091.2	796.9	1.026	K
193	Spectrogram 1	1	679.066772610	680.213192482	0.0	5226.9	5226.9	1875.0	1.146	O
194	Spectrogram 1	1	681.238936578	683.620758541	0.0	4751.8	4751.8	562.5	2.382	R
195	Spectrogram 1	1	683.833465762	685.100561411	0.0	4751.8	4751.8	1687.5	1.267	K
196	Spectrogram 1	1	687.876104259	689.143199907	0.0	5498.5	5498.5	1382.8	1.267	O
197	Spectrogram 1	1	691.013674435	692.703135299	0.0	4751.8	4751.8	937.5	1.689	R
198	Spectrogram 1	1	693.246176291	694.452934052	0.0	4819.6	4819.6	1687.5	1.207	K
199	Spectrogram 1	1	697.047463236	698.978275652	0.0	5091.2	5091.2	1804.7	1.931	O
200	Spectrogram 1	1	699.581654532	701.995170052	0.0	4616.0	4616.0	1828.1	2.414	R
201	Spectrogram 1	1	702.538211044	703.744968804	0.0	4751.8	4751.8	796.9	1.207	K
202	Spectrogram 1	1	707.123890533	708.423118330	0.0	4751.8	4751.8	1851.6	1.299	O
203	Spectrogram 1	1	709.537406053	711.528556357	0.0	4072.9	4072.9	445.3	1.991	5
204	Spectrogram 1	1	711.950921573	712.735314117	0.0	3869.3	3869.3	960.9	0.784	K
205	Spectrogram 1	1	715.993560070	717.562345158	0.0	4955.4	4955.4	1828.1	1.569	O
206	Spectrogram 1	1	718.467413478	720.639577446	0.0	4072.9	4072.9	1054.7	2.172	5
207	Spectrogram 1	1	720.941266886	721.846335206	67.9	4072.9	4005.0	914.1	0.905	K
208	Spectrogram 1	1	724.437573748	725.332825388	0.0	5023.3	5023.3	421.9	0.895	O
209	Spectrogram 1	1	726.069987367	726.975055687	0.0	4344.5	4344.5	1429.7	0.905	O
210	Spectrogram 1	1	727.337083015	729.569584871	0.0	3937.2	3937.2	445.3	2.233	R
211	Spectrogram 1	1	729.810936423	731.078032071	0.0	3869.3	3869.3	984.4	1.267	K
212	Spectrogram 1	1	732.948506599	734.259763169	67.0	4412.3	4345.3	1382.8	1.311	O
213	Spectrogram 1	1	734.954727563	735.594193021	67.0	4344.5	4277.5	1664.1	0.639	21
214	Spectrogram 1	1	736.086076776	738.258240744	0.0	3326.2	3326.2	421.9	2.172	R
215	Spectrogram 1	1	738.439254408	740.068377384	0.0	4072.9	4072.9	867.2	1.629	K
216	Spectrogram 1	1	742.119865576	743.688650665	0.0	4412.3	4412.3	445.3	1.569	O
217	Spectrogram 1	1	744.111015881	744.714394761	67.0	4412.3	4345.3	2132.8	0.603	21
218	Spectrogram 1	1	745.016084201	747.369261833	0.0	3529.9	3529.9	445.3	2.353	R
219	Spectrogram 1	1	747.429599721	748.877709033	0.0	5023.3	5023.3	867.2	1.448	K
220	Spectrogram 1	1	751.532576105	752.618658089	0.0	3869.3	3869.3	468.8	1.086	O
221	Spectrogram 1	1	753.101361194	753.885753738	0.0	4140.8	4140.8	421.9	0.784	O
222	Spectrogram 1	1	754.247781066	756.721634474	0.0	3665.6	3665.6	1734.4	2.474	R
223	Spectrogram 1	1	756.781972362	758.109405898	203.6	4751.8	4548.2	937.5	1.327	K
224	Spectrogram 1	1	760.703935082	761.790017066	0.0	4412.3	4412.3	445.3	1.086	O
225	Spectrogram 1	1	762.212382282	763.298464267	0.0	4140.8	4140.8	960.9	1.086	O
226	Spectrogram 1	1	763.600153707	765.772317675	0.0	3326.2	3326.2	445.3	2.172	R
227	Spectrogram 1	1	765.892993451	767.160089099	0.0	4140.8	4140.8	960.9	1.267	K
