Selection	View	Channel	Begin Time (s)	End Time (s)	Low Freq (Hz)	High Freq (Hz)	Delta Freq (Hz)	Peak Freq (Hz)	Delta Time (s)	UNIT
1	Spectrogram 1	1	3.420397772	5.783581688	0.0	6024.5	6024.5	23.4	2.363	B
2	Spectrogram 1	1	8.022387503	13.084335701	106.5	4751.8	4645.3	117.2	5.062	A1
3	Spectrogram 1	1	14.365670644	16.728854560	0.0	6109.4	6109.4	750.0	2.363	B
4	Spectrogram 1	1	19.340794677	24.205375924	105.5	5091.2	4985.7	468.8	4.865	A1
5	Spectrogram 1	1	25.808455919	28.109450784	0.0	5345.7	5345.7	23.4	2.301	B
6	Spectrogram 1	1	31.214906403	35.171144714	143.4	5260.9	5117.5	468.8	3.956	A1
7	Spectrogram 1	1	36.940295942	39.054723656	0.0	5854.8	5854.8	23.4	2.114	B
8	Spectrogram 1	1	42.164176176	46.579598755	266.3	5260.9	4994.6	468.8	4.415	A1
9	Spectrogram 1	1	48.320892167	50.062185578	0.0	6279.1	6279.1	23.4	1.741	B
10	Spectrogram 1	1	53.980095754	57.832725727	181.2	4836.6	4655.4	187.5	3.853	A1
11	Spectrogram 1	1	58.830841686	60.945269400	0.0	5176.0	5176.0	23.4	2.114	B
12	Spectrogram 1	1	64.241289071	68.028323464	124.5	5600.3	5475.8	375.0	3.787	A1
13	Spectrogram 1	1	69.527358356	70.957706515	0.0	5939.7	5939.7	726.6	1.430	B
14	Spectrogram 1	1	73.749594137	78.407295262	124.5	4836.6	4712.1	164.1	4.658	A1
15	Spectrogram 1	1	79.291039270	81.529845084	0.0	5345.7	5345.7	23.4	2.239	5
16	Spectrogram 1	1	84.328352353	88.246262529	79.9	5430.6	5350.7	1992.2	3.918	A1
17	Spectrogram 1	1	89.676610688	91.666660301	0.0	5685.1	5685.1	562.5	1.990	5
18	Spectrogram 1	1	92.164172704	92.848252259	0.0	5770.0	5770.0	23.4	0.684	K
19	Spectrogram 1	1	94.776112821	95.833326678	0.0	5600.3	5600.3	23.4	1.057	O
20	Spectrogram 1	1	96.517406233	97.201485787	0.0	5854.8	5854.8	23.4	0.684	O
21	Spectrogram 1	1	98.009943443	99.378102551	0.0	5770.0	5770.0	23.4	1.368	5
22	Spectrogram 1	1	99.875614955	100.870639761	0.0	6279.1	6279.1	23.4	0.995	K
23	Spectrogram 1	1	103.606957979	104.975117088	0.0	5854.8	5854.8	46.9	1.368	O
24	Spectrogram 1	1	105.472629491	106.281087147	0.0	5770.0	5770.0	187.5	0.808	O
25	Spectrogram 1	1	106.902977651	108.644271062	0.0	5685.1	5685.1	23.4	1.741	R
26	Spectrogram 1	1	109.017405365	110.012430171	0.0	5939.7	5939.7	820.3	0.995	K
27	Spectrogram 1	1	112.562181238	113.992529397	0.0	5176.0	5176.0	445.3	1.430	O
28	Spectrogram 1	1	114.738798002	115.422877557	0.0	6024.5	6024.5	187.5	0.684	O
29	Spectrogram 1	1	116.106957111	117.910439573	0.0	6109.4	6109.4	257.8	1.803	R
30	Spectrogram 1	1	118.345762926	119.465165833	0.0	6364.0	6364.0	23.4	1.119	K
31	Spectrogram 1	1	122.263673102	123.569643160	0.0	5939.7	5939.7	23.4	1.306	O
32	Spectrogram 1	1	124.004966513	125.062180370	0.0	5939.7	5939.7	46.9	1.057	O
33	Spectrogram 1	1	126.119394227	127.487553336	0.0	7297.3	7297.3	257.8	1.368	5
34	Spectrogram 1	1	127.922876689	128.793523394	0.0	7042.8	7042.8	23.4	0.871	K
35	Spectrogram 1	1	131.716408763	133.333324074	0.0	6024.5	6024.5	187.5	1.617	O
36	Spectrogram 1	1	133.955214578	134.950239385	0.0	5939.7	5939.7	23.4	0.995	O
37	Spectrogram 1	1	135.447751788	137.189045199	0.0	6109.4	6109.4	281.2	1.741	R
38	Spectrogram 1	1	137.748746653	138.619393359	0.0	6448.8	6448.8	23.4	0.871	K
39	Spectrogram 1	1	141.417900627	142.910437837	0.0	6194.3	6194.3	187.5	1.493	O
40	Spectrogram 1	1	144.216407895	146.082079408	0.0	6024.5	6024.5	23.4	1.866	R
41	Spectrogram 1	1	146.641780861	147.885561869	0.0	6448.8	6448.8	843.8	1.244	K
42	Spectrogram 1	1	150.932825339	152.487551600	0.0	6194.3	6194.3	23.4	1.555	O
43	Spectrogram 1	1	153.669143557	155.721382221	0.0	6109.4	6109.4	304.7	2.052	R
44	Spectrogram 1	1	156.281083675	157.027352279	0.0	5854.8	5854.8	23.4	0.746	K
45	Spectrogram 1	1	160.509939102	162.126854413	0.0	6024.5	6024.5	23.4	1.617	O
46	Spectrogram 1	1	163.246257320	165.422874084	0.0	6024.5	6024.5	23.4	2.177	5
47	Spectrogram 1	1	165.920386488	166.604466042	0.0	5854.8	5854.8	867.2	0.684	K
48	Spectrogram 1	1	170.397998117	171.828346276	0.0	5939.7	5939.7	23.4	1.430	O
49	Spectrogram 1	1	172.947749184	174.813420696	0.0	6024.5	6024.5	492.2	1.866	5
50	Spectrogram 1	1	175.497500250	176.492525057	0.0	5770.0	5770.0	820.3	0.995	K
51	Spectrogram 1	1	180.223868081	181.716405291	0.0	6279.1	6279.1	23.4	1.493	O
52	Spectrogram 1	1	182.960186299	184.639290660	0.0	5770.0	5770.0	23.4	1.679	5
53	Spectrogram 1	1	185.198992114	186.007449769	0.0	6024.5	6024.5	23.4	0.808	K
54	Spectrogram 1	1	189.303469441	191.480086205	0.0	5939.7	5939.7	23.4	2.177	O
55	Spectrogram 1	1	192.661678163	194.962673028	0.0	6024.5	6024.5	23.4	2.301	5
56	Spectrogram 1	1	195.460185431	196.455210238	0.0	6109.4	6109.4	23.4	0.995	K
57	Spectrogram 1	1	199.191528456	201.616901422	0.0	6364.0	6364.0	23.4	2.425	O
58	Spectrogram 1	1	203.047249581	204.601975841	0.0	6279.1	6279.1	515.6	1.555	5
59	Spectrogram 1	1	205.037299194	205.970134950	0.0	6279.1	6279.1	46.9	0.933	K
60	Spectrogram 1	1	209.328343672	211.380582336	0.0	5939.7	5939.7	23.4	2.052	O
61	Spectrogram 1	1	212.375607142	214.676602007	0.0	6024.5	6024.5	23.4	2.301	5
62	Spectrogram 1	1	215.174114411	215.796004915	0.0	6279.1	6279.1	23.4	0.622	K
63	Spectrogram 1	1	219.664178781	221.281094091	0.0	6788.2	6788.2	23.4	1.617	O
64	Spectrogram 1	1	222.587064150	224.141790410	0.0	6364.0	6364.0	23.4	1.555	5
65	Spectrogram 1	1	224.514924712	225.572138569	0.0	6364.0	6364.0	23.4	1.057	K
66	Spectrogram 1	1	229.365670644	231.231342156	0.0	6788.2	6788.2	23.4	1.866	O
67	Spectrogram 1	1	233.159202719	234.962685181	0.0	6646.8	6646.8	23.4	1.803	5
68	Spectrogram 1	1	237.201490996	244.686421964	105.5	5939.7	5834.2	187.5	7.485	A1
69	Spectrogram 1	1	246.032336153	248.271141968	0.0	5939.7	5939.7	23.4	2.239	B
70	Spectrogram 1	1	250.447758732	255.121287226	124.5	5656.9	5532.4	914.1	4.674	A1
71	Spectrogram 1	1	257.537310479	259.838305344	0.0	4808.3	4808.3	23.4	2.301	B
72	Spectrogram 1	1	263.043046619	267.549747594	162.3	6788.2	6625.9	187.5	4.507	A1
73	Spectrogram 1	1	269.042284804	271.525180551	0.0	5515.4	5515.4	23.4	2.483	B
74	Spectrogram 1	1	273.333329282	278.931879382	143.4	5798.3	5654.9	468.8	5.599	A1
75	Spectrogram 1	1	280.547259130	282.848253995	0.0	5798.3	5798.3	23.4	2.301	B
76	Spectrogram 1	1	284.154224053	289.813427640	282.8	5939.7	5656.9	984.4	5.659	A1
77	Spectrogram 1	1	291.865666304	294.353228320	0.0	5232.6	5232.6	23.4	2.488	B
78	Spectrogram 1	1	298.644272798	300.074620958	0.0	4525.5	4525.5	23.4	1.430	21
79	Spectrogram 1	1	305.174123091	306.371929619	0.0	5939.7	5939.7	23.4	1.198	21
80	Spectrogram 1	1	309.589545670	310.941929338	106.5	4808.3	4701.8	187.5	1.352	21
81	Spectrogram 1	1	317.026017607	318.027666285	319.6	5798.3	5478.7	867.2	1.002	21
82	Spectrogram 1	1	318.917903231	319.415415635	0.0	4949.7	4949.7	23.4	0.498	D2
83	Spectrogram 1	1	320.879771096	322.101523681	239.7	7495.3	7255.6	820.3	1.222	21
84	Spectrogram 1	1	325.385564474	326.007454978	0.0	6222.5	6222.5	23.4	0.622	D2
85	Spectrogram 1	1	327.499992187	328.855862425	53.3	7212.5	7159.2	1734.4	1.356	21
86	Spectrogram 1	1	329.552230851	330.360688506	0.0	6081.1	6081.1	23.4	0.808	D2
87	Spectrogram 1	1	331.749514162	333.196340031	79.9	7212.5	7132.6	890.6	1.447	21
88	Spectrogram 1	1	336.641782597	337.263673102	0.0	7495.3	7495.3	23.4	0.622	D2
89	Spectrogram 1	1	338.808007197	339.813424168	0.0	7919.6	7919.6	1570.3	1.005	21
90	Spectrogram 1	1	340.684070874	341.492528529	0.0	6646.8	6646.8	23.4	0.808	D2
91	Spectrogram 1	1	343.212826816	344.511260288	106.5	8061.0	7954.5	1710.9	1.298	21
92	Spectrogram 1	1	347.338299268	348.395513124	0.0	7636.8	7636.8	257.8	1.057	D2
93	Spectrogram 1	1	349.701483183	351.194020393	0.0	8202.4	8202.4	23.4	1.493	21
94	Spectrogram 1	1	352.064667099	352.437801401	0.0	6929.6	6929.6	257.8	0.373	D2
95	Spectrogram 1	1	353.805960510	355.522011757	106.5	8343.9	8237.4	1757.8	1.716	21
96	Spectrogram 1	1	358.407950240	359.092029795	0.0	7353.9	7353.9	23.4	0.684	D2
97	Spectrogram 1	1	360.374196003	361.746825674	79.9	8343.9	8264.0	1148.4	1.373	21
98	Spectrogram 1	1	362.325860416	363.134318071	0.0	7778.2	7778.2	304.7	0.808	D2
99	Spectrogram 1	1	364.121104023	365.716322288	213.0	7778.2	7565.2	1101.6	1.595	21
100	Spectrogram 1	1	368.201972851	374.266158094	213.0	8343.9	8130.9	562.5	6.064	G
101	Spectrogram 1	1	375.758695304	377.810933967	0.0	8061.0	8061.0	539.1	2.052	5
102	Spectrogram 1	1	380.389014726	385.460187167	133.2	7636.8	7503.6	328.1	5.071	G
103	Spectrogram 1	1	386.144266722	388.569639688	0.0	7353.9	7353.9	492.2	2.425	5
104	Spectrogram 1	1	388.694017789	389.378097343	0.0	6364.0	6364.0	23.4	0.684	K
105	Spectrogram 1	1	391.865659359	396.242789749	186.4	6081.1	5894.7	328.1	4.377	G
106	Spectrogram 1	1	397.338295795	399.266156358	0.0	5939.7	5939.7	23.4	1.928	5
107	Spectrogram 1	1	399.639290660	400.074614013	0.0	5939.7	5939.7	23.4	0.435	K
108	Spectrogram 1	1	402.935310332	406.185080335	106.5	5656.9	5550.4	351.6	3.250	G
109	Spectrogram 1	1	407.039787659	409.092026322	0.0	5656.9	5656.9	23.4	2.052	5
110	Spectrogram 1	1	409.402971574	409.838294927	0.0	5798.3	5798.3	23.4	0.435	K
111	Spectrogram 1	1	411.579588339	412.823369347	0.0	5939.7	5939.7	23.4	1.244	O
112	Spectrogram 1	1	413.445259851	414.253717506	0.0	6364.0	6364.0	23.4	0.808	O
113	Spectrogram 1	1	414.751229909	416.430334270	0.0	6505.4	6505.4	23.4	1.679	R
114	Spectrogram 1	1	416.809431162	417.922871480	109.5	6222.5	6113.0	867.2	1.113	K
115	Spectrogram 1	1	420.348244446	421.529836404	0.0	6364.0	6364.0	23.4	1.182	O
116	Spectrogram 1	1	421.902970706	423.146751715	0.0	6788.2	6788.2	23.4	1.244	O
117	Spectrogram 1	1	423.830831269	425.385557529	0.0	7071.1	7071.1	23.4	1.555	R
118	Spectrogram 1	1	425.696502781	426.629338537	128.4	6929.6	6801.2	914.1	0.933	K
119	Spectrogram 1	1	429.427845806	430.422870612	0.0	7353.9	7353.9	23.4	0.995	O
120	Spectrogram 1	1	431.231328268	432.039785923	0.0	7636.8	7636.8	23.4	0.808	O
121	Spectrogram 1	1	432.537298326	434.465158889	0.0	6646.8	6646.8	23.4	1.928	R
122	Spectrogram 1	1	434.944018553	436.001232410	0.0	7022.3	7022.3	1640.6	1.057	K
123	Spectrogram 1	1	437.896019672	439.450745932	0.0	7664.1	7664.1	23.4	1.555	O
124	Spectrogram 1	1	440.134825486	440.632337890	0.0	7390.4	7390.4	23.4	0.498	O
125	Spectrogram 1	1	441.627362696	443.368656107	0.0	5885.0	5885.0	23.4	1.741	R
126	Spectrogram 1	1	443.679601360	444.736815216	90.7	5885.0	5794.3	867.2	1.057	K
127	Spectrogram 1	1	447.473133434	448.511300899	0.0	5474.4	5474.4	234.4	1.038	O
128	Spectrogram 1	1	449.152237795	449.960695451	0.0	6021.8	6021.8	23.4	0.808	O
129	Spectrogram 1	1	450.582585955	452.572635568	0.0	5474.4	5474.4	328.1	1.990	R
130	Spectrogram 1	1	452.945769870	453.940794677	71.9	5337.5	5265.6	890.6	0.995	K
131	Spectrogram 1	1	456.801490996	457.672137701	0.0	6158.7	6158.7	234.4	0.871	O
132	Spectrogram 1	1	458.542784407	459.351242062	0.0	5337.5	5337.5	23.4	0.808	O
133	Spectrogram 1	1	459.786565415	461.652236927	0.0	5474.4	5474.4	23.4	1.866	R
134	Spectrogram 1	1	462.149749331	463.269152238	0.0	4790.1	4790.1	23.4	1.119	K
135	Spectrogram 1	1	466.042527570	466.969980050	90.7	4653.2	4562.5	234.4	0.927	O
136	Spectrogram 1	1	467.808952918	468.617410573	0.0	5474.4	5474.4	23.4	0.808	O
137	Spectrogram 1	1	468.990544875	470.980594488	0.0	4516.4	4516.4	281.2	1.990	R
138	Spectrogram 1	1	471.291539741	472.535320749	0.0	4516.4	4516.4	23.4	1.244	K
139	Spectrogram 1	1	476.142285672	477.386066680	0.0	5337.5	5337.5	23.4	1.244	O
140	Spectrogram 1	1	478.816414840	480.433330150	0.0	4790.1	4790.1	328.1	1.617	R
141	Spectrogram 1	1	480.806464453	482.112434511	0.0	4379.5	4379.5	23.4	1.306	K
142	Spectrogram 1	1	485.284076082	486.900991393	0.0	5200.7	5200.7	23.4	1.617	O
143	Spectrogram 1	1	488.144772401	489.886065812	0.0	4105.8	4105.8	23.4	1.741	5
144	Spectrogram 1	1	490.259200115	491.005468720	0.0	4516.4	4516.4	23.4	0.746	K
145	Spectrogram 1	1	494.363677442	496.478105156	0.0	5200.7	5200.7	23.4	2.114	O
146	Spectrogram 1	1	497.473129962	499.027856222	0.0	4516.4	4516.4	23.4	1.555	5
147	Spectrogram 1	1	499.525368626	500.955716785	0.0	4653.2	4653.2	23.4	1.430	K
148	Spectrogram 1	1	503.754224053	505.619895566	71.9	4790.1	4718.2	164.1	1.866	O
149	Spectrogram 1	1	507.112432775	508.604969985	0.0	5474.4	5474.4	23.4	1.493	5
150	Spectrogram 1	1	509.413427640	510.346263397	0.0	5474.4	5474.4	23.4	0.933	K
151	Spectrogram 1	1	512.896014463	515.134820278	0.0	5120.4	5120.4	23.4	2.239	O
152	Spectrogram 1	1	516.254223185	517.808949445	0.0	4681.5	4681.5	23.4	1.555	5
153	Spectrogram 1	1	518.119894698	519.612431907	0.0	4681.5	4681.5	23.4	1.493	K
154	Spectrogram 1	1	522.224372024	523.219396831	0.0	4974.1	4974.1	23.4	0.995	O
155	Spectrogram 1	1	523.841287335	524.711934041	0.0	4974.1	4974.1	23.4	0.871	O
156	Spectrogram 1	1	525.271635494	527.075117956	0.0	5266.7	5266.7	23.4	1.803	R
157	Spectrogram 1	1	527.448252259	528.754222317	0.0	4974.1	4974.1	23.4	1.306	K
158	Spectrogram 1	1	530.868650031	532.298998190	0.0	5851.9	5851.9	23.4	1.430	O
159	Spectrogram 1	1	532.858699644	533.978102551	0.0	5266.7	5266.7	23.4	1.119	O
160	Spectrogram 1	1	534.724371156	535.905963114	0.0	5266.7	5266.7	23.4	1.182	R
161	Spectrogram 1	1	536.216908366	537.336311273	0.0	4974.1	4974.1	23.4	1.119	K
162	Spectrogram 1	1	540.134818542	541.005465248	0.0	6583.4	6583.4	23.4	0.871	O
163	Spectrogram 1	1	541.689544802	542.622380558	0.0	5559.3	5559.3	23.4	0.933	O
164	Spectrogram 1	1	543.119892961	544.736808272	0.0	5120.4	5120.4	23.4	1.617	R
165	Spectrogram 1	1	545.172131625	546.104967381	0.0	6144.5	6144.5	23.4	0.933	K
166	Spectrogram 1	1	548.903474649	550.209444708	0.0	4827.8	4827.8	210.9	1.306	O
167	Spectrogram 1	1	550.582579010	551.577603817	0.0	5705.6	5705.6	23.4	0.995	O
168	Spectrogram 1	1	551.950738119	553.381086279	0.0	5266.7	5266.7	23.4	1.430	R
169	Spectrogram 1	1	553.692031531	555.122379690	0.0	6290.8	6290.8	23.4	1.430	K
170	Spectrogram 1	1	557.495750845	558.497399524	71.9	5266.7	5194.8	210.9	1.002	O
171	Spectrogram 1	1	559.164667967	560.408448975	0.0	5120.4	5120.4	23.4	1.244	O
172	Spectrogram 1	1	561.092528529	562.647254789	0.0	4827.8	4827.8	23.4	1.555	R
173	Spectrogram 1	1	562.958200041	563.766657697	0.0	4974.1	4974.1	23.4	0.808	K
174	Spectrogram 1	1	566.627354016	567.995513124	0.0	5705.6	5705.6	23.4	1.368	O
175	Spectrogram 1	1	568.430836477	569.114916032	0.0	5266.7	5266.7	23.4	0.684	O
176	Spectrogram 1	1	569.861184637	572.099990451	0.0	5120.4	5120.4	23.4	2.239	R
177	Spectrogram 1	1	572.535313804	573.484386880	0.0	5266.7	5266.7	23.4	0.949	K
178	Spectrogram 1	1	576.774538248	577.868932174	90.7	4535.2	4444.5	328.1	1.094	O
179	Spectrogram 1	1	579.127353147	581.241780861	0.0	5266.7	5266.7	23.4	2.114	R
180	Spectrogram 1	1	581.552726113	582.796507122	0.0	4974.1	4974.1	23.4	1.244	K
181	Spectrogram 1	1	585.748568783	587.158296552	0.0	4101.2	4101.2	23.4	1.410	O
182	Spectrogram 1	1	588.082576406	590.632327473	0.0	4101.2	4101.2	23.4	2.550	R
183	Spectrogram 1	1	590.943272725	592.062675632	0.0	4242.6	4242.6	23.4	1.119	K
184	Spectrogram 1	1	595.203846261	596.381710910	71.9	4525.5	4453.6	117.2	1.178	O
185	Spectrogram 1	1	598.690091226	599.857015960	0.0	4808.3	4808.3	351.6	1.167	R
186	Spectrogram 1	1	599.960685034	600.582575538	0.0	5515.4	5515.4	23.4	0.622	K
