Selection	View	Channel	Begin Time (s)	End Time (s)	Low Freq (Hz)	High Freq (Hz)	Delta Freq (Hz)	Delta Time (s)	Peak Freq (Hz)	UNIT
1	Spectrogram 1	1	0.000000000	0.433168287	0.0	4429.4	4429.4	0.433	21.5	I
2	Spectrogram 1	1	1.725538463	3.650989845	0.0	4696.3	4696.3	1.925	21.5	I
3	Spectrogram 1	1	4.331682868	5.941094454	0.0	4336.1	4336.1	1.609	43.1	I
4	Spectrogram 1	1	9.220296389	11.014850720	0.0	5069.8	5069.8	1.795	21.5	O
5	Spectrogram 1	1	13.056929786	15.099008852	0.0	4376.1	4376.1	2.042	21.5	I
6	Spectrogram 1	1	15.841583058	18.440592779	0.0	4109.2	4109.2	2.599	21.5	I
7	Spectrogram 1	1	21.905939073	23.886136955	0.0	4216.0	4216.0	1.980	21.5	O
8	Spectrogram 1	1	25.990097205	27.660889168	0.0	4055.9	4055.9	1.671	21.5	I
9	Spectrogram 1	1	28.650988109	30.693067175	0.0	4002.5	4002.5	2.042	21.5	I
10	Spectrogram 1	1	31.621284933	32.611383874	0.0	4109.2	4109.2	0.990	21.5	I
11	Spectrogram 1	1	35.024750043	36.695542006	0.0	4589.5	4589.5	1.671	21.5	O
12	Spectrogram 1	1	39.727720013	41.336630793	0.0	4055.9	4055.9	1.609	21.5	I
13	Spectrogram 1	1	42.512373285	44.368808800	0.0	4536.2	4536.2	1.856	21.5	I
14	Spectrogram 1	1	45.358907741	46.410887866	0.0	4376.1	4376.1	1.052	21.5	I
15	Spectrogram 1	1	49.381184690	52.289600329	0.0	4856.4	4856.4	2.908	21.5	O
16	Spectrogram 1	1	54.269798211	55.383659520	0.0	4963.1	4963.1	1.114	21.5	I
17	Spectrogram 1	1	57.673263322	58.539599895	0.0	4536.2	4536.2	0.866	21.5	I
18	Spectrogram 1	1	59.344055285	61.014847248	0.0	4696.3	4696.3	1.671	21.5	I
19	Spectrogram 1	1	65.779698402	67.698015101	0.0	5283.3	5283.3	1.918	21.5	O
20	Spectrogram 1	1	69.801975351	72.277222704	0.0	5123.2	5123.2	2.475	21.5	I
21	Spectrogram 1	1	73.149989546	73.958153130	0.0	4784.7	4784.7	0.808	21.5	D2
22	Spectrogram 1	1	74.766316714	75.683691593	0.0	4784.7	4784.7	0.917	21.5	D2
23	Spectrogram 1	1	76.448170658	77.081596170	0.0	4261.3	4261.3	0.633	21.5	D2
24	Spectrogram 1	1	77.671337164	78.304762675	0.0	4859.4	4859.4	0.633	21.5	D2
25	Spectrogram 1	1	80.816826071	82.920786321	0.0	5283.3	5283.3	2.104	366.1	O
26	Spectrogram 1	1	85.426553169	86.300243530	0.0	4186.6	4186.6	0.874	21.5	D2
27	Spectrogram 1	1	87.523410035	88.462627173	0.0	4410.9	4410.9	0.939	21.5	D2
28	Spectrogram 1	1	89.795004974	90.515799522	0.0	4635.1	4635.1	0.721	21.5	D2
29	Spectrogram 1	1	91.258436328	91.760716356	0.0	4485.6	4485.6	0.502	21.5	D2
30	Spectrogram 1	1	94.131135824	97.894203829	0.0	4963.1	4963.1	3.763	366.1	O
31	Spectrogram 1	1	99.652360842	100.263944095	0.0	4448.2	4448.2	0.612	150.7	D2
32	Spectrogram 1	1	101.989482557	102.448169997	0.0	4261.3	4261.3	0.459	21.5	D2
33	Spectrogram 1	1	103.758705538	104.108181683	0.0	4111.8	4111.8	0.349	150.7	D2
34	Spectrogram 1	1	104.894503007	105.527928519	0.0	4149.2	4149.2	0.633	150.7	D2
35	Spectrogram 1	1	108.308275750	111.021185242	0.0	4216.0	4216.0	2.713	344.5	O
36	Spectrogram 1	1	113.732019181	114.037810807	0.0	3962.3	3962.3	0.306	150.7	D2
37	Spectrogram 1	1	115.544926680	116.222036709	0.0	4074.4	4074.4	0.677	150.7	D2
38	Spectrogram 1	1	117.183096106	117.576256769	0.0	4224.0	4224.0	0.393	150.7	D2
39	Spectrogram 1	1	118.553224811	119.083372641	52.5	4186.6	4134.1	0.530	150.7	D2
40	Spectrogram 1	1	119.738640412	120.175485592	0.0	4298.7	4298.7	0.437	150.7	D2
41	Spectrogram 1	1	122.397902466	125.898430843	0.0	4696.3	4696.3	3.501	366.1	O
42	Spectrogram 1	1	127.549762363	128.510821760	0.0	4186.6	4186.6	0.961	150.7	D2
43	Spectrogram 1	1	129.406354380	130.280044741	0.0	3775.4	3775.4	0.874	150.7	D2
44	Spectrogram 1	1	130.978997029	131.656107059	0.0	3924.9	3924.9	0.677	150.7	D2
45	Spectrogram 1	1	135.962449925	138.150280161	0.0	5229.9	5229.9	2.188	366.1	O
46	Spectrogram 1	1	140.469756233	140.928443672	0.0	4800.9	4800.9	0.459	21.5	D2
47	Spectrogram 1	1	142.610297617	143.134511834	0.0	4652.0	4652.0	0.524	150.7	D2
48	Spectrogram 1	1	144.466889634	144.860050296	0.0	4503.2	4503.2	0.393	150.7	D2
49	Spectrogram 1	1	148.389325662	150.139589851	0.0	5016.5	5016.5	1.750	366.1	O
50	Spectrogram 1	1	153.152536961	153.982542804	0.0	4168.2	4168.2	0.830	21.5	D2
51	Spectrogram 1	1	155.293078345	156.319664519	0.0	4279.9	4279.9	1.027	150.7	D2
52	Spectrogram 1	1	157.084143585	157.826780392	0.0	3982.1	3982.1	0.743	150.7	D2
53	Spectrogram 1	1	160.896465428	163.609374920	0.0	5283.3	5283.3	2.713	366.1	O
54	Spectrogram 1	1	166.029028533	166.749823081	0.0	4131.0	4131.0	0.721	150.7	D2
55	Spectrogram 1	1	168.278781213	169.239840610	0.0	4503.2	4503.2	0.961	150.7	D2
56	Spectrogram 1	1	169.938792898	170.637745187	0.0	4875.3	4875.3	0.699	172.3	D2
57	Spectrogram 1	1	172.798261908	176.823869542	0.0	4696.3	4696.3	4.026	387.6	O
58	Spectrogram 1	1	178.672001736	179.480165319	260.5	4540.4	4279.9	0.808	344.5	D2
59	Spectrogram 1	1	180.878069897	181.424126372	0.0	4168.2	4168.2	0.546	150.7	D2
60	Spectrogram 1	1	182.647292878	183.127822576	0.0	4391.5	4391.5	0.481	172.3	D2
61	Spectrogram 1	1	188.113073556	190.125877373	0.0	3789.0	3789.0	2.013	387.6	O
62	Spectrogram 1	1	191.606054687	192.130268904	0.0	3051.7	3051.7	0.524	150.7	D2
63	Spectrogram 1	1	193.506331222	194.227125770	0.0	3572.8	3572.8	0.721	172.3	D2
64	Spectrogram 1	1	195.144500649	195.668714866	0.0	3535.5	3535.5	0.524	172.3	D2
65	Spectrogram 1	1	199.577303990	201.677621016	0.0	3842.4	3842.4	2.100	387.6	O
66	Spectrogram 1	1	204.721793873	205.049427758	0.0	3721.6	3721.6	0.328	150.7	D2
67	Spectrogram 1	1	206.622070408	207.146284625	0.0	4131.0	4131.0	0.524	21.5	D2
68	Spectrogram 1	1	207.976290467	208.849980828	0.0	3647.2	3647.2	0.874	150.7	D2
69	Spectrogram 1	1	212.179206146	213.929470334	0.0	4429.4	4429.4	1.750	344.5	O
70	Spectrogram 1	1	216.984475770	217.792639353	0.0	4317.1	4317.1	0.808	21.5	D2
71	Spectrogram 1	1	219.081332636	219.780284924	0.0	4019.3	4019.3	0.699	21.5	D2
72	Spectrogram 1	1	220.937924653	221.309243056	0.0	3907.7	3907.7	0.371	172.3	D2
73	Spectrogram 1	1	225.218674349	227.844070631	0.0	4055.9	4055.9	2.625	366.1	O
74	Spectrogram 1	1	230.113074581	230.549919761	0.0	4279.9	4279.9	0.437	150.7	D2
75	Spectrogram 1	1	232.340985001	233.039937290	0.0	3833.3	3833.3	0.699	21.5	D2
76	Spectrogram 1	1	234.219419277	234.765475753	0.0	3349.5	3349.5	0.546	172.3	D2
77	Spectrogram 1	1	238.433168970	241.321104881	0.0	3895.8	3895.8	2.888	366.1	O
78	Spectrogram 1	1	244.179048010	244.594050931	0.0	3758.8	3758.8	0.415	150.7	D2
79	Spectrogram 1	1	248.787764663	249.443032434	0.0	4689.2	4689.2	0.655	172.3	D2
80	Spectrogram 1	1	253.315337079	255.240627686	0.0	4002.5	4002.5	1.925	344.5	O
81	Spectrogram 1	1	258.361986718	259.148308043	0.0	4428.7	4428.7	0.786	301.5	D2
82	Spectrogram 1	1	261.288849427	261.922274938	0.0	4131.0	4131.0	0.633	279.9	D2
83	Spectrogram 1	1	263.210968221	264.128343100	0.0	3796.0	3796.0	0.917	150.7	D2
84	Spectrogram 1	1	267.404963795	269.942846868	0.0	3789.0	3789.0	2.538	366.1	O
85	Spectrogram 1	1	276.969135013	277.668087302	0.0	4168.2	4168.2	0.699	21.5	D2
86	Spectrogram 1	1	279.329573335	283.064692242	243.6	3928.4	3684.8	3.735	366.1	O
87	Spectrogram 1	1	283.652060669	286.189943742	0.0	4269.3	4269.3	2.538	21.5	I
88	Spectrogram 1	1	287.065075836	290.740630632	0.0	4376.1	4376.1	3.676	129.2	I
89	Spectrogram 1	1	292.840947658	295.641370359	0.0	4269.3	4269.3	2.800	366.1	O
90	Spectrogram 1	1	296.779042081	299.491951573	0.0	4109.2	4109.2	2.713	21.5	I
91	Spectrogram 1	1	300.017030830	304.042638463	0.0	4269.3	4269.3	4.026	21.5	I
92	Spectrogram 1	1	306.755547955	309.380944237	0.0	4269.3	4269.3	2.625	366.1	O
93	Spectrogram 1	1	310.518615960	312.881472614	0.0	4376.1	4376.1	2.363	21.5	I
94	Spectrogram 1	1	313.581578289	316.119461362	0.0	4322.7	4322.7	2.538	107.7	I
95	Spectrogram 1	1	319.532476530	321.895333184	0.0	4536.2	4536.2	2.363	344.5	O
96	Spectrogram 1	1	323.558084163	326.095967236	0.0	4536.2	4536.2	2.538	21.5	I
97	Spectrogram 1	1	326.708559702	329.421469194	0.0	4269.3	4269.3	2.713	21.5	I
98	Spectrogram 1	1	329.946548450	331.871839057	0.0	4269.3	4269.3	1.925	21.5	I
99	Spectrogram 1	1	333.097023989	335.109827806	0.0	4803.0	4803.0	2.013	301.5	O
100	Spectrogram 1	1	337.210144832	339.485488276	0.0	4696.3	4696.3	2.275	21.5	I
101	Spectrogram 1	1	340.273107161	342.373424187	0.0	4696.3	4696.3	2.100	21.5	I
102	Spectrogram 1	1	343.161043072	345.436386517	0.0	4482.8	4482.8	2.275	21.5	I
103	Spectrogram 1	1	346.574058239	348.499348846	0.0	4482.8	4482.8	1.925	301.5	O
104	Spectrogram 1	1	350.249613035	352.262416851	0.0	3949.1	3949.1	2.013	366.1	I
105	Spectrogram 1	1	353.487601783	355.587918809	0.0	4055.9	4055.9	2.100	107.7	I
106	Spectrogram 1	1	356.813103741	358.913420767	0.0	4429.4	4429.4	2.100	21.5	I
107	Spectrogram 1	1	359.701039651	362.063896306	0.0	3949.1	3949.1	2.363	344.5	O
108	Spectrogram 1	1	363.376594447	365.301885054	0.0	4002.5	4002.5	1.925	21.5	I
109	Spectrogram 1	1	366.352043567	368.889926640	0.0	4162.6	4162.6	2.538	366.1	I
110	Spectrogram 1	1	369.765058734	371.602836132	0.0	4055.9	4055.9	1.838	21.5	I
111	Spectrogram 1	1	372.652994645	374.578285252	0.0	4269.3	4269.3	1.925	344.5	O
112	Spectrogram 1	1	376.853628697	379.303998561	0.0	4055.9	4055.9	2.450	21.5	I
113	Spectrogram 1	1	380.441670283	382.541987309	0.0	4055.9	4055.9	2.100	366.1	I
114	Spectrogram 1	1	385.867489267	387.967806293	0.0	4322.7	4322.7	2.100	344.5	O
115	Spectrogram 1	1	389.543044062	391.555847879	0.0	4216.0	4216.0	2.013	21.5	I
116	Spectrogram 1	1	392.518493183	395.318915884	0.0	4055.9	4055.9	2.800	21.5	I
117	Spectrogram 1	1	398.294365004	401.007274496	0.0	4429.4	4429.4	2.713	366.1	O
118	Spectrogram 1	1	402.144946218	404.945368920	0.0	4482.8	4482.8	2.800	21.5	I
119	Spectrogram 1	1	406.170553851	408.358384087	0.0	4376.1	4376.1	2.188	21.5	I
120	Spectrogram 1	1	412.909070976	416.147059725	0.0	4322.7	4322.7	3.238	344.5	O
121	Spectrogram 1	1	417.197218238	418.772456007	0.0	4109.2	4109.2	1.575	21.5	I
122	Spectrogram 1	1	419.822614520	421.835418337	0.0	4269.3	4269.3	2.013	21.5	I
123	Spectrogram 1	1	425.423459923	427.786316577	0.0	4216.0	4216.0	2.363	21.5	O
124	Spectrogram 1	1	429.449067556	431.636897791	0.0	4055.9	4055.9	2.188	366.1	I
125	Spectrogram 1	1	432.774569514	435.662505425	0.0	4162.6	4162.6	2.888	129.2	I
126	Spectrogram 1	1	439.250547011	440.650758361	0.0	3735.7	3735.7	1.400	344.5	O
127	Spectrogram 1	1	443.451181063	445.201445251	0.0	3895.8	3895.8	1.750	21.5	I
128	Spectrogram 1	1	446.426630183	448.877000046	0.0	3949.1	3949.1	2.450	172.3	I
129	Spectrogram 1	1	453.077634098	454.740385077	0.0	4269.3	4269.3	1.663	21.5	O
130	Spectrogram 1	1	456.928215313	458.941019129	53.4	4109.2	4055.8	2.013	172.3	I
131	Spectrogram 1	1	460.078690852	462.266521087	0.0	4322.7	4322.7	2.188	129.2	I
132	Spectrogram 1	1	466.729694767	468.392445746	0.0	4055.9	4055.9	1.663	366.1	O
133	Spectrogram 1	1	470.142709935	472.155513751	0.0	4109.2	4109.2	2.013	172.3	I
134	Spectrogram 1	1	473.380698683	475.568528918	0.0	4109.2	4109.2	2.188	129.2	I
135	Spectrogram 1	1	479.282163684	481.138599199	0.0	4269.3	4269.3	1.856	344.5	O
136	Spectrogram 1	1	483.205641612	485.568498266	0.0	4376.1	4376.1	2.363	21.5	I
137	Spectrogram 1	1	486.706169988	488.894000224	0.0	4322.7	4322.7	2.188	129.2	I
138	Spectrogram 1	1	492.832094647	494.757385255	0.0	3949.1	3949.1	1.925	21.5	O
139	Spectrogram 1	1	496.245109815	499.045532516	0.0	4162.6	4162.6	2.800	21.5	I
140	Spectrogram 1	1	499.658124982	502.458547683	0.0	4162.6	4162.6	2.800	129.2	I
141	Spectrogram 1	1	506.396642107	508.409445924	0.0	3682.3	3682.3	2.013	366.1	O
142	Spectrogram 1	1	509.634630855	511.997487510	0.0	3789.0	3789.0	2.363	21.5	I
143	Spectrogram 1	1	513.047646023	515.673042305	0.0	4002.5	4002.5	2.625	129.2	I
144	Spectrogram 1	1	518.998544263	520.836321661	0.0	3468.8	3468.8	1.838	323.0	O
145	Spectrogram 1	1	523.111665105	525.299495341	0.0	3575.6	3575.6	2.188	21.5	I
146	Spectrogram 1	1	526.174627435	528.537484089	0.0	3628.9	3628.9	2.363	323.0	I
147	Spectrogram 1	1	532.213038885	534.225842701	0.0	3628.9	3628.9	2.013	323.0	O
148	Spectrogram 1	1	536.238646518	538.426476753	0.0	3735.7	3735.7	2.188	21.5	I
149	Spectrogram 1	1	539.476635266	542.014518339	0.0	3628.9	3628.9	2.538	21.5	I
150	Spectrogram 1	1	545.690073135	547.702876951	0.0	3682.3	3682.3	2.013	21.5	O
151	Spectrogram 1	1	549.715680768	551.991024213	0.0	3575.6	3575.6	2.275	21.5	I
152	Spectrogram 1	1	552.778643097	554.791446914	0.0	3522.2	3522.2	2.013	129.2	I
153	Spectrogram 1	1	559.254620594	560.304779107	0.0	3148.6	3148.6	1.050	344.5	O
154	Spectrogram 1	1	563.105201809	564.855465997	0.0	2935.2	2935.2	1.750	21.5	I
155	Spectrogram 1	1	566.168164138	568.005941536	0.0	3202.0	3202.0	1.838	150.7	I
156	Spectrogram 1	1	569.143613258	570.379917225	0.0	3628.9	3628.9	1.236	21.5	I
157	Spectrogram 1	1	573.832438797	576.107782242	0.0	4002.5	4002.5	2.275	387.6	O
158	Spectrogram 1	1	577.945559639	580.395929503	0.0	4162.6	4162.6	2.450	150.7	I
159	Spectrogram 1	1	580.921008760	583.458891833	0.0	4162.6	4162.6	2.538	129.2	I
160	Spectrogram 1	1	583.896457880	585.646722068	0.0	4162.6	4162.6	1.750	21.5	I
161	Spectrogram 1	1	589.759842911	591.160054261	0.0	3628.9	3628.9	1.400	323.0	O
162	Spectrogram 1	1	593.347884497	595.623227941	0.0	3789.0	3789.0	2.275	150.7	I
163	Spectrogram 1	1	596.323333617	598.686190271	0.0	3735.7	3735.7	2.363	21.5	I
164	Spectrogram 1	1	601.136560135	602.361745067	0.0	3468.8	3468.8	1.225	366.1	O
165	Spectrogram 1	1	606.737405537	608.837722563	0.0	3842.4	3842.4	2.100	129.2	I
166	Spectrogram 1	1	609.800367867	612.075711312	0.0	3789.0	3789.0	2.275	21.5	I
167	Spectrogram 1	1	613.038356615	614.526081175	0.0	3682.3	3682.3	1.488	21.5	I
168	Spectrogram 1	1	618.201635971	620.476979416	0.0	3468.8	3468.8	2.275	344.5	O
169	Spectrogram 1	1	622.052217185	623.889994583	0.0	3575.6	3575.6	1.838	129.2	I
170	Spectrogram 1	1	624.940153096	627.303009750	0.0	3522.2	3522.2	2.363	21.5	I
171	Spectrogram 1	1	629.753379614	632.553802315	0.0	4055.9	4055.9	2.800	344.5	O
172	Spectrogram 1	1	635.004172179	637.192002414	0.0	3949.1	3949.1	2.188	21.5	I
173	Spectrogram 1	1	637.979621299	640.813877562	0.0	4055.9	4055.9	2.834	129.2	I
174	Spectrogram 1	1	644.368085586	646.205862984	0.0	4216.0	4216.0	1.838	323.0	O
175	Spectrogram 1	1	647.956127172	650.406497036	0.0	4055.9	4055.9	2.450	129.2	I
176	Spectrogram 1	1	651.894221596	654.082051831	0.0	4216.0	4216.0	2.188	21.5	I
177	Spectrogram 1	1	657.932633046	659.945436862	0.0	4429.4	4429.4	2.013	344.5	O
178	Spectrogram 1	1	662.430873091	664.093624070	373.6	4536.2	4162.6	1.663	1981.1	I
179	Spectrogram 1	1	665.266142814	667.419126028	0.0	4376.1	4376.1	2.153	21.5	I
180	Spectrogram 1	1	667.856692075	669.344416635	0.0	4109.2	4109.2	1.488	21.5	I
181	Spectrogram 1	1	672.932458221	675.645367713	0.0	4376.1	4376.1	2.713	344.5	O
182	Spectrogram 1	1	676.798855578	679.223346330	0.0	4354.3	4354.3	2.424	21.5	I
183	Spectrogram 1	1	680.458594231	682.558911257	0.0	4429.4	4429.4	2.100	21.5	I
184	Spectrogram 1	1	683.346530142	685.359333958	0.0	4429.4	4429.4	2.013	21.5	I
185	Spectrogram 1	1	686.497005681	688.072243450	0.0	4269.3	4269.3	1.575	366.1	O
186	Spectrogram 1	1	692.972983178	694.198168109	0.0	4322.7	4322.7	1.225	21.5	I
187	Spectrogram 1	1	695.773405879	696.736051183	0.0	4109.2	4109.2	0.963	129.2	I
188	Spectrogram 1	1	697.698696486	699.361447465	0.0	4002.5	4002.5	1.663	21.5	I
189	Spectrogram 1	1	699.974039931	700.903669427	0.0	3735.7	3735.7	0.930	366.1	I
190	Spectrogram 1	1	704.460772751	706.410177439	182.7	3928.4	3745.7	1.949	323.0	O
191	Spectrogram 1	1	708.775547838	710.175759189	0.0	3949.1	3949.1	1.400	21.5	I
192	Spectrogram 1	1	711.575970540	712.713642262	0.0	3842.4	3842.4	1.138	366.1	I
193	Spectrogram 1	1	713.377384370	713.879756328	0.0	4875.3	4875.3	0.502	129.2	D2
194	Spectrogram 1	1	714.731604430	715.146607351	0.0	4540.4	4540.4	0.415	366.1	D2
195	Spectrogram 1	1	715.823717381	716.413458374	0.0	4503.2	4503.2	0.590	129.2	D2
196	Spectrogram 1	1	716.959514850	717.614782621	0.0	4428.7	4428.7	0.655	129.2	D2
197	Spectrogram 1	1	720.257668383	722.445498618	0.0	3842.4	3842.4	2.188	323.0	O
198	Spectrogram 1	1	723.053505117	723.534034816	0.0	3796.0	3796.0	0.481	21.5	D2
199	Spectrogram 1	1	725.543522646	725.980367826	0.0	3870.5	3870.5	0.437	366.1	D2
200	Spectrogram 1	1	727.378272404	727.946171138	0.0	4205.4	4205.4	0.568	129.2	D2
201	Spectrogram 1	1	729.016441830	729.496971529	0.0	4428.7	4428.7	0.481	387.6	D2
202	Spectrogram 1	1	730.261450595	730.676453516	0.0	4503.2	4503.2	0.415	129.2	D2
203	Spectrogram 1	1	731.397248064	731.965146798	0.0	4354.3	4354.3	0.568	21.5	D2
204	Spectrogram 1	1	735.494995053	737.332772450	0.0	3522.2	3522.2	1.838	323.0	O
205	Spectrogram 1	1	738.010942222	738.294891590	0.0	3572.8	3572.8	0.284	21.5	D2
206	Spectrogram 1	1	740.238852643	740.784909118	0.0	3461.1	3461.1	0.546	129.2	D2
207	Spectrogram 1	1	742.073602400	742.838081466	0.0	4056.6	4056.6	0.764	366.1	D2
208	Spectrogram 1	1	743.449664719	743.952036676	0.0	4019.3	4019.3	0.502	129.2	D2
209	Spectrogram 1	1	744.629146706	745.022307369	0.0	3982.1	3982.1	0.393	129.2	D2
210	Spectrogram 1	1	745.852313211	746.289158392	111.6	3833.3	3721.7	0.437	129.2	D2
211	Spectrogram 1	1	749.497108559	751.772452004	0.0	4429.4	4429.4	2.275	344.5	O
212	Spectrogram 1	1	754.225211020	754.858636531	0.0	4689.2	4689.2	0.633	21.5	D2
213	Spectrogram 1	1	756.147329814	756.955493397	0.0	4317.1	4317.1	0.808	366.1	D2
214	Spectrogram 1	1	757.457865355	758.025764089	0.0	4465.9	4465.9	0.568	129.2	D2
215	Spectrogram 1	1	758.899454450	759.554722221	0.0	4614.8	4614.8	0.655	21.5	D2
216	Spectrogram 1	1	762.662637831	765.074459835	0.0	4696.3	4696.3	2.412	21.5	O
217	Spectrogram 1	1	767.337265165	770.351496910	37.2	4093.8	4056.6	3.014	366.1	A1
218	Spectrogram 1	1	771.596505674	774.195734498	0.0	3907.7	3907.7	2.599	21.5	A1
219	Spectrogram 1	1	777.413822363	778.989060133	0.0	4536.2	4536.2	1.575	344.5	O
220	Spectrogram 1	1	781.566767609	784.297049987	0.0	4354.3	4354.3	2.730	366.1	A1
221	Spectrogram 1	1	784.930475498	787.835495948	0.0	4428.7	4428.7	2.905	21.5	A1
222	Spectrogram 1	1	790.978369823	793.428739686	0.0	4803.0	4803.0	2.450	387.6	O
223	Spectrogram 1	1	795.446117465	797.678260238	182.7	3776.1	3593.4	2.232	366.1	A2
224	Spectrogram 1	1	799.575345305	801.781413466	111.6	3982.1	3870.5	2.206	366.1	A2
225	Spectrogram 1	1	803.048264490	805.079594579	0.0	3758.8	3758.8	2.031	21.5	A2
226	Spectrogram 1	1	809.445019814	811.195284002	0.0	4322.7	4322.7	1.750	366.1	O
227	Spectrogram 1	1	813.680934308	815.362788253	0.0	4838.1	4838.1	1.682	21.5	A2
228	Spectrogram 1	1	816.564112499	818.551758070	111.6	4689.2	4577.6	1.988	344.5	A2
229	Spectrogram 1	1	822.747027645	824.672318252	53.4	4749.6	4696.2	1.925	387.6	O
230	Spectrogram 1	1	827.028780994	828.688792680	0.0	4540.4	4540.4	1.660	21.5	A2
231	Spectrogram 1	1	830.239593071	831.768551202	0.0	4503.2	4503.2	1.529	21.5	A2
232	Spectrogram 1	1	836.954068500	838.091740223	0.0	4109.2	4109.2	1.138	21.5	O
233	Spectrogram 1	1	840.382332870	842.304451664	0.0	4354.3	4354.3	1.922	21.5	A2
234	Spectrogram 1	1	843.483933651	845.558948258	0.0	4689.2	4689.2	2.075	21.5	A2
235	Spectrogram 1	1	850.168563122	851.743800891	0.0	4322.7	4322.7	1.575	366.1	O
236	Spectrogram 1	1	854.833506429	856.034830675	0.0	3982.1	3982.1	1.201	21.5	A2
237	Spectrogram 1	1	857.218866527	1028.510498670	0.0	4589.4	4589.4	171.292	21.5	//////
238	Spectrogram 1	1	1030.375297625	1037.551380797	0.0	5800.1	5800.1	7.176	366.1	
239	Spectrogram 1	1	1038.446832077	1039.278207567	949.4	5043.7	4094.3	0.831	2842.4	
240	Spectrogram 1	1	1040.634662313	1041.247254779	949.4	5103.0	4153.6	0.613	2088.7	
241	Spectrogram 1	1	1043.677305456	1051.115928256	0.0	4672.3	4672.3	7.439	21.5	
242	Spectrogram 1	1	1051.180004047	1051.666472780	771.4	4363.9	3592.5	0.486	2454.8	
243	Spectrogram 1	1	1052.755241817	1053.066684131	712.1	4303.2	3591.1	0.311	2368.7	
244	Spectrogram 1	1	1053.717887121	1054.160599248	949.4	4303.2	3353.8	0.443	2562.5	
245	Spectrogram 1	1	1056.629260450	1061.880053015	0.0	4726.0	4726.0	5.251	387.6	
246	Spectrogram 1	1	1062.775504295	1063.174459818	652.7	4666.9	4014.2	0.399	2088.7	
247	Spectrogram 1	1	1064.219472250	1064.705940983	593.4	4666.9	4073.5	0.486	2497.9	
248	Spectrogram 1	1	1065.357143973	1065.799856101	771.4	4666.9	3895.5	0.443	2540.9	
249	Spectrogram 1	1	1066.013493043	1066.888625138	712.1	4569.0	3856.9	0.875	2024.1	
250	Spectrogram 1	1	1066.844868533	1067.194921371	534.0	4391.0	3857.0	0.350	2411.7	
251	Spectrogram 1	1	1067.413704394	1067.938783651	830.7	4213.0	3382.3	0.525	2261.0	
252	Spectrogram 1	1	1069.756241862	1074.832008008	0.0	4242.6	4242.6	5.076	387.6	
253	Spectrogram 1	1	1075.661963184	1076.187042441	771.4	4925.0	4153.6	0.525	2476.3	
254	Spectrogram 1	1	1077.105931140	1077.631010396	1068.1	4925.0	3856.9	0.525	2390.2	
255	Spectrogram 1	1	1078.068576443	1078.418629281	1068.1	4687.7	3619.6	0.350	2497.9	
256	Spectrogram 1	1	1078.899951933	1079.162491561	949.4	4747.0	3797.6	0.263	2390.2	
257	Spectrogram 1	1	1079.643814213	1080.037623655	1186.8	4569.0	3382.2	0.394	2519.4	
258	Spectrogram 1	1	1080.256406679	1080.693972726	652.7	4687.7	4035.0	0.438	2497.9	
259	Spectrogram 1	1	1082.951700111	1087.530907714	0.0	2966.9	2966.9	4.579	387.6	
260	Spectrogram 1	1	1087.778432449	1088.335363104	890.1	3678.9	2788.8	0.557	2261.0	
261	Spectrogram 1	1	1089.449224413	1090.129917435	890.1	3560.3	2670.2	0.681	2217.9	
262	Spectrogram 1	1	1090.501204538	1091.429422295	890.1	4035.0	3144.9	0.928	2863.9	
263	Spectrogram 1	1	1091.429422295	1092.048234133	890.1	3619.6	2729.5	0.619	1981.1	
264	Spectrogram 1	1	1092.357640052	1092.728927155	1008.7	3619.6	2610.9	0.371	2476.3	
265	Spectrogram 1	1	1092.852689523	1093.409620177	1008.7	3560.3	2551.6	0.557	2476.3	
266	Spectrogram 1	1	1093.657144912	1094.214075567	949.4	3560.3	2610.9	0.557	2067.2	
267	Spectrogram 1	1	1096.999851026	1100.150326565	0.0	3856.9	3856.9	3.150	387.6	
268	Spectrogram 1	1	1101.516055258	1101.949223545	890.1	3382.2	2492.1	0.433	2497.9	
269	Spectrogram 1	1	1102.629916567	1103.063084853	890.1	3322.9	2432.8	0.433	1464.3	
270	Spectrogram 1	1	1103.472205881	1103.953528533	652.7	3322.9	2670.2	0.481	1808.8	
271	Spectrogram 1	1	1104.259824766	1104.828660627	356.0	3560.3	3204.3	0.569	387.6	
272	Spectrogram 1	1	1105.134956860	1105.528766303	830.7	3441.6	2610.9	0.394	2174.9	
273	Spectrogram 1	1	1105.835062536	1106.491411606	1068.1	3322.9	2254.8	0.656	2540.9	
274	Spectrogram 1	1	1106.578924816	1107.454056910	1008.7	3144.9	2136.2	0.875	2540.9	
275	Spectrogram 1	1	1109.995562624	1113.321064582	0.0	3856.9	3856.9	3.326	387.6	
276	Spectrogram 1	1	1114.717653291	1115.067706129	356.0	3382.2	3026.2	0.350	2627.1	
277	Spectrogram 1	1	1115.374002362	1115.636541990	356.0	3263.6	2907.6	0.263	1550.4	
278	Spectrogram 1	1	1116.030351433	1116.336647666	415.4	3441.6	3026.2	0.306	1421.2	
279	Spectrogram 1	1	1116.642943899	1117.168023155	771.4	3916.3	3144.9	0.525	3100.8	
280	Spectrogram 1	1	1117.299292969	1117.693102412	949.4	3500.9	2551.5	0.394	2950.0	
281	Spectrogram 1	1	1117.955642040	1118.393208087	890.1	3619.6	2729.5	0.438	1227.4	
282	Spectrogram 1	1	1118.568234506	1119.180826972	949.4	3500.9	2551.5	0.613	3208.4	
283	Spectrogram 1	1	1119.268340181	1119.924689252	1008.7	3560.3	2551.6	0.656	1292.0	
284	Spectrogram 1	1	1122.906480733	1125.050554364	0.0	4035.0	4035.0	2.144	387.6	
285	Spectrogram 1	1	1126.094370515	1126.488179958	949.4	3797.6	2848.2	0.394	1528.9	
286	Spectrogram 1	1	1126.706962981	1127.100772424	890.1	3738.3	2848.2	0.394	3230.0	
287	Spectrogram 1	1	1127.407068657	1127.800878099	712.1	3856.9	3144.8	0.394	2454.8	
288	Spectrogram 1	1	1128.238444146	1128.632253589	652.7	3856.9	3204.2	0.394	3186.9	
289	Spectrogram 1	1	1128.763523403	1129.113576240	771.4	3797.6	3026.2	0.350	1270.5	
290	Spectrogram 1	1	1129.332359264	1129.944951730	830.7	3856.9	3026.2	0.613	1894.9	
291	Spectrogram 1	1	1130.032464939	1130.688814010	652.7	3975.6	3322.9	0.656	2540.9	
292	Spectrogram 1	1	1130.820083824	1131.520189499	949.4	3738.3	2788.9	0.700	1787.3	
293	Spectrogram 1	1	1133.145526235	1135.814679122	0.0	3856.9	3856.9	2.669	366.1	
294	Spectrogram 1	1	1140.897980258	1141.641842538	652.7	5459.1	4806.4	0.744	1292.0	
295	Spectrogram 1	1	1141.816868957	1142.210678399	712.1	4925.0	4212.9	0.394	1658.1	
296	Spectrogram 1	1	1142.516974632	1142.910784074	830.7	4747.0	3916.3	0.394	1701.1	
297	Spectrogram 1	1	1143.173323703	1143.654646354	712.1	4628.3	3916.2	0.481	3208.4	
298	Spectrogram 1	1	1143.742159564	1144.486021844	949.4	4509.7	3560.3	0.744	1981.1	
299	Spectrogram 1	1	1144.573535053	1145.361153938	1127.4	4213.0	3085.6	0.788	1335.1	
300	Spectrogram 1	1	1147.708311645	1150.158681508	0.0	5103.0	5103.0	2.450	366.1	
301	Spectrogram 1	1	1156.344061720	1156.825384371	890.1	4331.6	3441.5	0.481	1658.1	
302	Spectrogram 1	1	1156.956654186	1157.700516466	890.1	4153.6	3263.5	0.744	1485.8	
303	Spectrogram 1	1	1157.569246651	1158.225595722	771.4	4094.3	3322.9	0.656	1636.5	
304	Spectrogram 1	1	1158.225595722	1158.838188188	652.7	3916.3	3263.6	0.613	1421.2	
305	Spectrogram 1	1	1158.925701397	1159.538293863	830.7	3975.6	3144.9	0.613	3186.9	
306	Spectrogram 1	1	1159.538293863	1159.975859910	949.4	3797.6	2848.2	0.438	3251.5	
307	Spectrogram 1	1	1162.708675204	1165.027775253	0.0	3738.3	3738.3	2.319	172.3	
308	Spectrogram 1	1	1171.352577134	1171.702629972	474.7	3916.3	3441.6	0.350	1485.8	
309	Spectrogram 1	1	1171.746386577	1172.315222438	830.7	3738.3	2907.6	0.569	2627.1	
310	Spectrogram 1	1	1172.446492252	1172.884058299	712.1	3322.9	2610.8	0.438	2605.5	
311	Spectrogram 1	1	1173.365380951	1173.671677184	356.0	3560.3	3204.3	0.306	366.1	
312	Spectrogram 1	1	1176.026966195	1178.083526616	0.0	3678.9	3678.9	2.057	21.5	
313	Spectrogram 1	1	1185.339281401	1185.776847448	593.4	3797.6	3204.2	0.438	2562.5	
314	Spectrogram 1	1	1186.170656890	1186.739492751	771.4	3678.9	2907.5	0.569	2605.5	
315	Spectrogram 1	1	1188.791213699	1190.804017516	0.0	4569.0	4569.0	2.013	21.5	
316	Spectrogram 1	1	1191.679149610	1194.129519474	0.0	4331.6	4331.6	2.450	21.5	
317	Spectrogram 1	1	1198.239613989	1202.177708413	0.0	4450.3	4450.3	3.938	21.5	
318	Spectrogram 1	1	1202.921570693	1204.409295253	0.0	4569.0	4569.0	1.488	21.5	
319	Spectrogram 1	1	1205.609436753	1208.059806617	0.0	4747.0	4747.0	2.450	21.5	
320	Spectrogram 1	1	1211.691604807	1214.273244485	59.3	4213.0	4153.7	2.582	366.1	
321	Spectrogram 1	1	1215.935995464	1218.167582304	118.7	5518.4	5399.7	2.232	172.3	
322	Spectrogram 1	1	1219.305254026	1221.449327657	0.0	4747.0	4747.0	2.144	172.3	
323	Spectrogram 1	1	1222.193189937	1223.943454126	0.0	4509.7	4509.7	1.750	21.5	
324	Spectrogram 1	1	1228.494141015	1229.719325947	0.0	5577.7	5577.7	1.225	366.1	
325	Spectrogram 1	1	1231.513346740	1233.394880742	415.4	5518.4	5103.0	1.882	430.7	
326	Spectrogram 1	1	1234.882605303	1236.764139305	0.0	5577.7	5577.7	1.882	21.5	
327	Spectrogram 1	1	1237.508001585	1238.908212936	0.0	5577.7	5577.7	1.400	21.5	
328	Spectrogram 1	1	1242.802550755	1244.334031919	0.0	5281.0	5281.0	1.531	21.5	
329	Spectrogram 1	1	1247.221967830	1248.840962204	0.0	5637.1	5637.1	1.619	21.5	
330	Spectrogram 1	1	1249.978633927	1251.378845277	0.0	5815.1	5815.1	1.400	21.5	
331	Spectrogram 1	1	1252.035194348	1253.566675513	0.0	5874.4	5874.4	1.531	21.5	
