Selection	View	Channel	Begin Time (s)	End Time (s)	Low Freq (Hz)	High Freq (Hz)	Delta Time (s)	Delta Freq (Hz)	UNIT
1	Spectrogram 1	1	2.812499951	3.273809467	573.3	2494.0	0.461	1920.7	X
2	Spectrogram 1	1	3.422618988	3.839285648	573.3	2522.7	0.417	1949.4	X
3	Spectrogram 1	1	4.017857073	4.360118972	430.0	2522.7	0.342	2092.7	X
4	Spectrogram 1	1	4.627976110	4.851190392	516.0	2522.7	0.223	2006.7	X
5	Spectrogram 1	1	5.208333243	5.491071333	487.3	2494.0	0.283	2006.7	X
6	Spectrogram 1	1	5.803571328	6.160714179	602.0	2522.7	0.357	1920.7	X
7	Spectrogram 1	1	6.458333221	6.815476072	573.3	2522.7	0.357	1949.4	X
8	Spectrogram 1	1	7.008928450	7.410714157	573.3	2522.7	0.402	1949.4	X
9	Spectrogram 1	1	7.633928439	7.842261769	573.3	2465.3	0.208	1892.0	X
10	Spectrogram 1	1	8.154761763	8.437499854	630.7	2494.0	0.283	1863.3	X
11	Spectrogram 1	1	8.764880800	8.958333178	573.3	2522.7	0.193	1949.4	X
12	Spectrogram 1	1	9.360118885	9.583333167	630.7	2522.7	0.223	1892.0	X
13	Spectrogram 1	1	9.880952209	10.252976012	630.7	2465.3	0.372	1834.6	X
14	Spectrogram 1	1	10.483630770	10.766368861	573.3	2522.7	0.283	1949.4	X
15	Spectrogram 1	1	11.041666475	11.339285517	630.7	2436.7	0.298	1806.0	X
16	Spectrogram 1	1	13.169642629	16.026785436	659.3	2494.0	2.857	1834.7	Z
17	Spectrogram 1	1	18.377977116	18.854167584	114.7	1519.3	0.476	1404.6	17
18	Spectrogram 1	1	19.628839563	19.881815749	544.7	2494.0	0.253	1949.3	X
19	Spectrogram 1	1	20.179434792	20.372887169	573.3	2465.3	0.193	1892.0	X
20	Spectrogram 1	1	20.774672876	20.938363350	602.0	2494.0	0.164	1892.0	X
21	Spectrogram 1	1	21.355030009	21.548482387	659.3	2494.0	0.193	1834.7	X
22	Spectrogram 1	1	21.965149046	22.128839520	573.3	2522.7	0.164	1949.4	X
23	Spectrogram 1	1	22.530625227	22.872887126	372.7	2408.0	0.342	2035.3	X
24	Spectrogram 1	1	23.125863312	23.587172828	544.7	2436.7	0.461	1892.0	X
25	Spectrogram 1	1	23.676458540	24.182410913	401.3	2522.7	0.506	2121.4	X
26	Spectrogram 1	1	24.241934721	24.673482333	544.7	2465.3	0.432	1920.6	X
27	Spectrogram 1	1	24.747887093	24.985982327	659.3	2494.0	0.238	1834.7	X
28	Spectrogram 1	1	25.328244226	25.581220412	573.3	2551.3	0.253	1978.0	X
29	Spectrogram 1	1	25.938363263	26.250863258	659.3	2522.7	0.312	1863.4	X
30	Spectrogram 1	1	26.444315635	26.816339438	516.0	2494.0	0.372	1978.0	X
31	Spectrogram 1	1	26.994910864	27.396696571	630.7	2494.0	0.402	1863.3	X
32	Spectrogram 1	1	27.560387044	27.962172752	487.3	2408.0	0.402	1920.7	X
33	Spectrogram 1	1	28.140744177	28.602053693	602.0	2465.3	0.461	1863.3	X
34	Spectrogram 1	1	30.903583242	33.061321300	602.0	2522.7	2.158	1920.7	Z
35	Spectrogram 1	1	35.773811967	36.220240530	143.3	1462.0	0.446	1318.7	17
36	Spectrogram 1	1	37.019654565	37.242868846	602.0	2522.7	0.223	1920.7	X
37	Spectrogram 1	1	37.585132951	37.897632946	688.0	2551.3	0.312	1863.3	X
38	Spectrogram 1	1	38.135728180	38.358942461	630.7	2494.0	0.223	1863.3	X
39	Spectrogram 1	1	38.775609121	39.058347211	602.0	2494.0	0.283	1892.0	X
40	Spectrogram 1	1	39.415490062	39.653585296	573.3	2494.0	0.238	1920.7	X
41	Spectrogram 1	1	39.936323386	40.129775764	458.7	2522.7	0.193	2064.0	X
42	Spectrogram 1	1	40.501799567	40.844061466	544.7	2494.0	0.342	1949.3	X
43	Spectrogram 1	1	41.082156700	41.260728125	516.0	2494.0	0.179	1978.0	X
44	Spectrogram 1	1	41.662513833	41.841085258	602.0	2465.3	0.179	1863.3	X
45	Spectrogram 1	1	42.213109061	42.376799535	544.7	2494.0	0.164	1949.3	X
46	Spectrogram 1	1	42.852990002	43.135728093	573.3	2465.3	0.283	1892.0	X
47	Spectrogram 1	1	43.463109039	43.686323321	573.3	2465.3	0.223	1892.0	X
48	Spectrogram 1	1	44.073228077	44.266680454	544.7	2551.3	0.193	2006.6	X
49	Spectrogram 1	1	44.594061401	45.025609012	516.0	2465.3	0.432	1949.3	X
50	Spectrogram 1	1	45.204180438	45.427394720	573.3	2522.7	0.223	1949.4	X
51	Spectrogram 1	1	45.754775666	46.022632805	745.3	2494.0	0.268	1748.7	X
52	Spectrogram 1	1	49.448767036	50.921981296	630.7	2551.3	1.473	1920.6	Z
53	Spectrogram 1	1	53.921302166	54.427254538	286.7	1519.3	0.506	1232.6	17
54	Spectrogram 1	1	55.971178364	56.372964072	573.3	2522.7	0.402	1949.4	X
55	Spectrogram 1	1	57.072368822	57.459273577	401.3	2465.3	0.387	2064.0	X
56	Spectrogram 1	1	57.667606906	57.861059284	659.3	2522.7	0.193	1863.4	X
57	Spectrogram 1	1	58.352130704	58.605106890	659.3	2551.3	0.253	1892.0	X
58	Spectrogram 1	1	58.947368789	59.185464023	573.3	2522.7	0.238	1949.4	X
59	Spectrogram 1	1	59.527725922	59.721178299	602.0	2494.0	0.193	1892.0	X
60	Spectrogram 1	1	60.018797342	60.286654480	372.7	2551.3	0.268	2178.6	X
61	Spectrogram 1	1	60.658678283	60.926535421	544.7	2494.0	0.268	1949.3	X
62	Spectrogram 1	1	61.268797320	61.581297315	688.0	2465.3	0.312	1777.3	X
63	Spectrogram 1	1	61.889246558	62.157103696	573.3	2494.0	0.268	1920.7	X
64	Spectrogram 1	1	62.588651308	62.901151303	372.7	2522.7	0.312	2150.0	X
65	Spectrogram 1	1	63.079722728	63.302937010	516.0	2494.0	0.223	1978.0	X
66	Spectrogram 1	1	63.734484621	64.032103664	487.3	2436.7	0.298	1949.4	X
67	Spectrogram 1	1	65.326748608	67.365439049	573.3	2551.3	2.039	1978.0	Z
68	Spectrogram 1	1	70.424282481	71.361782465	229.3	1490.7	0.937	1261.4	17
69	Spectrogram 1	1	72.291036408	72.782107828	630.7	2522.7	0.491	1892.0	X
70	Spectrogram 1	1	72.960679253	73.213655439	716.7	2551.3	0.253	1834.6	X
71	Spectrogram 1	1	73.570798290	73.734488764	630.7	2522.7	0.164	1892.0	X
72	Spectrogram 1	1	74.180917327	74.404131609	544.7	2522.7	0.223	1978.0	X
73	Spectrogram 1	1	74.627345891	74.939845885	544.7	2494.0	0.312	1949.3	X
74	Spectrogram 1	1	75.371393497	75.579726827	544.7	2494.0	0.208	1949.3	X
75	Spectrogram 1	1	75.966631582	76.427941098	487.3	2551.3	0.461	2064.0	X
76	Spectrogram 1	1	76.517226810	76.740441092	569.5	2505.7	0.223	1936.2	X
77	Spectrogram 1	1	77.171988704	77.544012507	227.8	2420.3	0.372	2192.5	X
78	Spectrogram 1	1	77.856512501	78.079726783	541.0	2534.2	0.223	1993.2	X
79	Spectrogram 1	1	78.436869634	78.823774389	398.6	2477.2	0.387	2078.6	X
80	Spectrogram 1	1	79.017226767	79.285083905	484.1	2534.2	0.268	2050.1	X
81	Spectrogram 1	1	79.597583900	79.984488655	512.5	2534.2	0.387	2021.7	X
82	Spectrogram 1	1	83.377345830	85.401155319	541.0	2477.2	2.024	1936.2	Z
83	Spectrogram 1	1	88.058212620	88.534403087	229.3	1462.0	0.476	1232.7	17
84	Spectrogram 1	1	90.498688768	91.212974469	200.7	1490.7	0.714	1290.0	17
85	Spectrogram 1	1	91.904133985	94.597586319	512.5	2391.8	2.693	1879.3	Z
86	Spectrogram 1	1	95.773181537	96.115443436	740.3	2505.7	0.342	1765.4	X
87	Spectrogram 1	1	96.427943430	96.680919616	654.9	2505.7	0.253	1850.8	X
88	Spectrogram 1	1	96.948776755	97.216633893	882.7	2448.8	0.268	1566.1	X
89	Spectrogram 1	1	97.633300552	98.035086260	911.2	2505.7	0.402	1594.5	X
90	Spectrogram 1	1	98.183895781	98.615443392	541.0	2534.2	0.432	1993.2	X
91	Spectrogram 1	1	98.823776722	99.032110052	939.6	2505.7	0.208	1566.1	X
92	Spectrogram 1	1	99.344610046	99.657110041	768.8	2448.8	0.312	1680.0	X
93	Spectrogram 1	1	99.999371940	100.311871934	654.9	2477.2	0.312	1822.3	X
94	Spectrogram 1	1	100.609490977	100.907110019	854.2	2505.7	0.298	1651.5	X
95	Spectrogram 1	1	101.174967158	101.427943344	854.2	2505.7	0.253	1651.5	X
96	Spectrogram 1	1	101.740443338	102.008300476	882.7	2534.2	0.268	1651.5	X
97	Spectrogram 1	1	102.291038567	102.692824274	996.6	2477.2	0.402	1480.6	X
98	Spectrogram 1	1	102.901157604	103.288062359	825.7	2505.7	0.387	1680.0	X
99	Spectrogram 1	1	103.464196351	103.724613013	626.4	2505.7	0.260	1879.3	X
100	Spectrogram 1	1	103.970148723	104.223124909	939.6	2505.7	0.253	1566.1	X
101	Spectrogram 1	1	104.595148712	104.848124898	797.3	2534.2	0.253	1736.9	X
102	Spectrogram 1	1	105.160624893	105.488005840	854.2	2534.2	0.327	1680.0	X
103	Spectrogram 1	1	105.621934409	105.964196308	598.0	2477.2	0.342	1879.2	X
104	Spectrogram 1	1	106.380862967	106.812410579	569.5	2534.2	0.432	1964.7	X
105	Spectrogram 1	1	107.214196286	107.705267706	654.9	2505.7	0.491	1850.8	X
106	Spectrogram 1	1	107.973124844	108.404672456	512.5	2505.7	0.432	1993.2	X
107	Spectrogram 1	1	109.238005775	111.812410492	512.5	2477.2	2.574	1964.7	Z
108	Spectrogram 1	1	113.723337785	114.407861583	256.3	1509.1	0.685	1252.8	17
109	Spectrogram 1	1	116.626460113	116.894317251	825.7	2420.3	0.268	1594.6	X
110	Spectrogram 1	1	117.266341054	117.608602953	654.9	2477.2	0.342	1822.3	X
111	Spectrogram 1	1	117.846698187	118.203841038	626.4	2391.8	0.357	1765.4	X
112	Spectrogram 1	1	118.412174368	118.828841027	711.9	2477.2	0.417	1765.3	X
113	Spectrogram 1	1	119.007412453	119.260388639	683.4	2420.3	0.253	1736.9	X
114	Spectrogram 1	1	119.364555304	119.721698154	569.5	2448.8	0.357	1879.3	X
115	Spectrogram 1	1	120.123483862	120.540150521	569.5	2448.8	0.417	1879.3	X
116	Spectrogram 1	1	120.718721947	121.016340989	740.3	2448.8	0.298	1708.5	X
117	Spectrogram 1	1	121.343721936	121.566936218	768.8	2477.2	0.223	1708.4	X
118	Spectrogram 1	1	121.909198116	122.132412398	825.7	2448.8	0.223	1623.1	X
119	Spectrogram 1	1	122.430031441	122.831817148	996.6	2448.8	0.402	1452.2	X
120	Spectrogram 1	1	123.069912382	123.322888568	911.2	2448.8	0.253	1537.6	X
121	Spectrogram 1	1	123.605626658	123.873483797	825.7	2477.2	0.268	1651.5	X
123	Spectrogram 1	1	261.115375008	262.630603799	711.9	2534.2	1.515	1822.3	Z
124	Spectrogram 1	1	263.235449096	263.982541069	85.4	1509.1	0.747	1423.7	17
125	Spectrogram 1	1	265.971278856	266.686803563	199.3	1509.1	0.716	1309.8	17
126	Spectrogram 1	1	270.771351747	272.086654517	455.6	2534.2	1.315	2078.6	Z
127	Spectrogram 1	1	272.347861879	273.231745341	142.4	1480.7	0.884	1338.3	17
128	Spectrogram 1	1	275.957052679	276.798846452	142.4	1480.7	0.842	1338.3	17
129	Spectrogram 1	1	278.989361049	280.199439597	512.5	2534.2	1.210	2021.7	Z
130	Spectrogram 1	1	280.471168668	281.344529707	170.8	1480.7	0.873	1309.9	Y
131	Spectrogram 1	1	284.585433243	285.364092482	142.4	1452.2	0.779	1309.8	17
132	Spectrogram 1	1	286.679395252	286.805664318	142.4	1537.6	0.126	1395.2	19
133	Spectrogram 1	1	286.826709162	287.605368402	113.9	1537.6	0.779	1423.7	17
134	Spectrogram 1	1	288.522670290	289.816928215	598.0	2534.2	1.294	1936.2	Z
135	Spectrogram 1	1	290.362237318	290.509551228	199.3	1480.7	0.147	1281.4	19
136	Spectrogram 1	1	290.541118494	291.256643201	142.4	1509.1	0.716	1366.7	17
137	Spectrogram 1	1	295.065760022	295.213073932	170.8	1509.1	0.147	1338.3	19
138	Spectrogram 1	1	295.286730887	296.181136770	113.9	1509.1	0.894	1395.2	17
139	Spectrogram 1	1	297.898138483	299.202918830	654.9	2505.7	1.305	1850.8	Z
140	Spectrogram 1	1	299.653530991	300.537414452	113.9	1509.1	0.884	1395.2	Y
141	Spectrogram 1	1	302.084210509	302.189434731	113.9	1509.1	0.105	1395.2	19
142	Spectrogram 1	1	302.210479575	302.957571548	85.4	1480.7	0.747	1395.3	17
143	Spectrogram 1	1	303.809887743	303.967724075	142.4	1480.7	0.158	1338.3	19
144	Spectrogram 1	1	303.988768920	304.567502138	85.4	1452.2	0.579	1366.8	17
145	Spectrogram 1	1	306.252937385	307.641897110	455.6	2505.7	1.389	2050.1	Z
146	Spectrogram 1	1	308.597581648	308.744895558	142.4	1480.7	0.147	1338.3	19
147	Spectrogram 1	1	308.765940403	309.355196043	170.8	1480.7	0.589	1309.9	17
148	Spectrogram 1	1	311.364978675	311.501770163	142.4	1509.1	0.137	1366.7	19
149	Spectrogram 1	1	311.543859852	312.112070648	113.9	1452.2	0.568	1338.3	17
150	Spectrogram 1	1	313.702808041	315.102290188	626.4	2477.2	1.399	1850.8	Z
151	Spectrogram 1	1	315.205662762	315.384543939	113.9	1480.7	0.179	1366.8	19
152	Spectrogram 1	1	315.405588783	315.994844424	113.9	1423.7	0.589	1309.8	17
153	Spectrogram 1	1	317.068131484	317.836268301	113.9	1452.2	0.768	1338.3	Y
154	Spectrogram 1	1	318.682446093	319.871479797	598.0	2534.2	1.189	1936.2	Z
155	Spectrogram 1	1	320.214334675	320.372171007	56.9	1509.1	0.158	1452.2	19
156	Spectrogram 1	1	320.414260696	321.066650870	113.9	1452.2	0.652	1338.3	17
157	Spectrogram 1	1	321.792697998	321.950534331	142.4	1480.7	0.158	1338.3	19
158	Spectrogram 1	1	321.961056753	322.645014193	113.9	1452.2	0.684	1338.3	17
159	Spectrogram 1	1	324.006791705	325.353661741	654.9	2477.2	1.347	1822.3	Z
160	Spectrogram 1	1	325.549202708	325.675471774	113.9	1509.1	0.126	1395.2	19
161	Spectrogram 1	1	325.696516619	326.359429214	113.9	1480.7	0.663	1366.8	17
162	Spectrogram 1	1	328.994418859	330.509647650	512.5	2505.7	1.515	1993.2	Z
163	Spectrogram 1	1	331.420712290	331.578548623	113.9	1480.7	0.158	1366.8	18
164	Spectrogram 1	1	331.652205578	332.115192153	113.9	1452.2	0.463	1338.3	17
165	Spectrogram 1	1	334.209154162	334.356468072	85.4	1509.1	0.147	1423.7	19
166	Spectrogram 1	1	334.419602605	334.872066758	113.9	1509.1	0.452	1395.2	17
167	Spectrogram 1	1	336.065485601	337.717505879	484.1	2448.8	1.652	1964.7	Z
168	Spectrogram 1	1	338.523347246	338.691706000	56.9	1509.1	0.168	1452.2	19
169	Spectrogram 1	1	338.723273267	339.259916797	113.9	1480.7	0.537	1366.8	17
170	Spectrogram 1	1	342.132537242	342.279851152	113.9	1509.1	0.147	1395.2	19
171	Spectrogram 1	1	342.290373574	342.816494682	113.9	1480.7	0.526	1366.8	17
172	Spectrogram 1	1	343.904689246	345.704023434	284.7	2534.2	1.799	2249.5	Z
173	Spectrogram 1	1	345.962697988	346.173146431	170.8	1480.7	0.210	1309.9	19
174	Spectrogram 1	1	346.183668853	346.888671137	170.8	1452.2	0.705	1281.4	17
175	Spectrogram 1	1	349.866516608	350.571518892	142.4	1509.1	0.705	1366.7	17
176	Spectrogram 1	1	351.922773838	353.806287404	398.6	2505.7	1.884	2107.1	Z
177	Spectrogram 1	1	354.685785295	355.348697891	113.9	1480.7	0.663	1366.8	Y
178	Spectrogram 1	1	356.369372840	356.727135193	142.4	1509.1	0.358	1366.7	17
179	Spectrogram 1	1	357.531224158	358.993840838	512.5	2562.7	1.463	2050.2	Z
180	Spectrogram 1	1	359.410351953	360.031174860	113.9	1480.7	0.621	1366.8	Y
181	Spectrogram 1	1	363.698080788	364.466217606	113.9	1452.2	0.768	1338.3	Y
182	Spectrogram 1	1	365.886025485	368.064166872	455.6	2619.6	2.178	2164.0	Z
183	Spectrogram 1	1	368.317423083	368.454214571	170.8	1509.1	0.137	1338.3	19
184	Spectrogram 1	1	368.496304259	369.032947789	113.9	1509.1	0.537	1395.2	17
185	Spectrogram 1	1	371.074297688	371.190044331	142.4	1480.7	0.116	1338.3	19
186	Spectrogram 1	1	371.200566754	371.747732706	113.9	1509.1	0.547	1395.2	17
187	Spectrogram 1	1	373.535825302	374.945829871	569.5	2534.2	1.410	1964.7	Z
188	Spectrogram 1	1	375.362183970	376.046141410	156.6	1494.9	0.684	1338.3	Y
189	Spectrogram 1	1	377.208869058	378.029617986	113.9	1509.1	0.821	1395.2	Y
190	Spectrogram 1	1	380.038681247	381.816970591	455.6	2505.7	1.778	2050.1	Z
191	Spectrogram 1	1	382.493416524	382.640730434	142.4	1537.6	0.147	1395.2	19
192	Spectrogram 1	1	382.672297700	383.198418808	142.4	1480.7	0.526	1338.3	17
193	Spectrogram 1	1	386.825642763	388.372438820	541.0	2505.7	1.547	1964.7	Z
194	Spectrogram 1	1	388.862087948	389.503955699	142.4	1452.2	0.642	1309.8	Y
195	Spectrogram 1	1	390.366794316	391.008662068	113.9	1509.1	0.642	1395.2	Y
196	Spectrogram 1	1	392.034241213	393.696783914	455.6	2534.2	1.663	2078.6	Z
197	Spectrogram 1	1	394.039119649	394.754644355	113.9	1509.1	0.716	1395.2	Y
198	Spectrogram 1	1	397.511518960	397.679877715	113.9	1480.7	0.168	1366.8	19
199	Spectrogram 1	1	397.732489826	398.279655778	142.4	1509.1	0.547	1366.7	17
200	Spectrogram 1	1	400.252251941	402.219944884	370.2	2534.2	1.968	2164.0	Z
201	Spectrogram 1	1	403.177757566	403.335593899	142.4	1480.7	0.158	1338.3	19
202	Spectrogram 1	1	403.356638743	403.977461650	113.9	1480.7	0.621	1366.8	17
203	Spectrogram 1	1	405.492690441	405.650526773	56.9	1480.7	0.158	1423.8	19
204	Spectrogram 1	1	405.682094040	406.134558192	142.4	1480.7	0.452	1338.3	17
205	Spectrogram 1	1	407.523244617	409.564594516	484.1	2505.7	2.041	2021.6	Z
206	Spectrogram 1	1	410.585542765	410.743379097	142.4	1480.7	0.158	1338.3	19
207	Spectrogram 1	1	410.764423941	411.185320827	142.4	1509.1	0.421	1366.7	17
208	Spectrogram 1	1	413.195101594	413.363460349	113.9	1452.2	0.168	1338.3	19
209	Spectrogram 1	1	413.384505193	413.973760834	85.4	1452.2	0.589	1366.8	17
210	Spectrogram 1	1	416.130584764	417.772082621	512.5	2477.2	1.641	1964.7	Z
211	Spectrogram 1	1	418.856164715	419.024523469	85.4	1452.2	0.168	1366.8	19
212	Spectrogram 1	1	419.045568313	419.550644577	113.9	1423.7	0.505	1309.8	17
213	Spectrogram 1	1	421.371023610	421.486770254	142.4	1480.7	0.116	1338.3	19
214	Spectrogram 1	1	421.507815098	422.097070739	113.9	1509.1	0.589	1395.2	17
215	Spectrogram 1	1	423.717250076	425.558673954	512.5	2477.2	1.841	1964.7	Z
216	Spectrogram 1	1	426.674322683	426.832159015	113.9	1566.1	0.158	1452.2	19
217	Spectrogram 1	1	426.884771126	427.389847389	85.4	1509.1	0.505	1423.7	17
218	Spectrogram 1	1	430.283513482	430.420304970	113.9	1537.6	0.137	1423.7	19
219	Spectrogram 1	1	430.472917081	431.072695144	113.9	1509.1	0.600	1395.2	17
220	Spectrogram 1	1	432.987502819	434.534298876	512.5	2477.2	1.547	1964.7	Z
221	Spectrogram 1	1	435.730020343	435.919423942	113.9	1509.1	0.189	1395.2	19
222	Spectrogram 1	1	435.940468786	436.508679583	113.9	1452.2	0.568	1338.3	17
223	Spectrogram 1	1	438.476372526	438.634208858	56.9	1480.7	0.158	1423.8	19
224	Spectrogram 1	1	438.655253703	439.307643876	113.9	1480.7	0.652	1366.8	17
225	Spectrogram 1	1	440.689914775	442.341935054	455.6	2505.7	1.652	2050.1	Z
226	Spectrogram 1	1	443.179895230	443.285119451	56.9	1452.2	0.105	1395.3	19
227	Spectrogram 1	1	443.306164296	443.937509625	113.9	1480.7	0.631	1366.8	17
228	Spectrogram 1	1	447.146846947	447.914983765	113.9	1509.1	0.768	1395.2	17
229	Spectrogram 1	1	450.160093452	451.685844665	427.1	2477.2	1.526	2050.1	Z
230	Spectrogram 1	1	452.756498400	453.356276463	142.4	1480.7	0.600	1338.3	17
231	Spectrogram 1	1	455.608074805	456.302554667	113.9	1480.7	0.694	1366.8	Y
232	Spectrogram 1	1	457.923201656	460.101343042	156.6	1509.1	2.178	1352.5	Z
233	Spectrogram 1	1	461.124393481	461.829395766	142.4	1480.7	0.705	1338.3	17
234	Spectrogram 1	1	464.786196391	465.785826496	113.9	1537.6	1.000	1423.7	17
235	Spectrogram 1	1	467.876551383	469.902117648	170.8	1537.6	2.026	1366.8	Z
236	Spectrogram 1	1	471.014451251	471.719453535	113.9	1452.2	0.705	1338.3	17
237	Spectrogram 1	1	474.171177898	475.118195892	113.9	1708.4	0.947	1594.5	17
238	Spectrogram 1	1	477.683446679	479.577482667	170.8	1509.1	1.894	1338.3	Z
239	Spectrogram 1	1	480.631943810	481.600006648	113.9	1509.1	0.968	1395.2	17
240	Spectrogram 1	1	484.156955232	485.019793849	142.4	1480.7	0.863	1338.3	17
241	Spectrogram 1	1	487.545672664	489.176648099	172.0	1462.0	1.631	1290.0	Z
242	Spectrogram 1	1	490.102621248	490.313069691	172.0	1462.0	0.210	1290.0	19
243	Spectrogram 1	1	490.376204224	491.133818620	114.7	1490.7	0.758	1376.0	17
244	Spectrogram 1	1	492.659569832	493.553975716	86.0	1519.3	0.894	1433.3	17
245	Spectrogram 1	1	495.395398789	497.426226265	114.7	1490.7	2.031	1376.0	Z
246	Spectrogram 1	1	498.236452771	499.151903499	57.3	1462.0	0.915	1404.7	Y
247	Spectrogram 1	1	501.655221719	502.528582758	86.0	1490.7	0.873	1404.7	17
248	Spectrogram 1	1	504.612022345	506.674417087	57.3	1462.0	2.062	1404.7	Z
249	Spectrogram 1	1	507.537252582	507.674044070	229.3	1490.7	0.137	1261.4	19
250	Spectrogram 1	1	507.800313136	508.652629331	114.7	1490.7	0.852	1376.0	17
251	Spectrogram 1	1	510.757113762	511.651519645	86.0	1462.0	0.894	1376.0	17
252	Spectrogram 1	1	513.314062346	515.502726155	114.7	1490.7	2.189	1376.0	Z
253	Spectrogram 1	1	516.414699732	517.267015927	57.3	1490.7	0.852	1433.4	17
254	Spectrogram 1	1	519.034782849	520.118592331	57.3	1462.0	1.084	1404.7	17
255	Spectrogram 1	1	522.117852541	524.043455796	86.0	1548.0	1.926	1462.0	Z
256	Spectrogram 1	1	524.769501091	524.990471957	114.7	1490.7	0.221	1376.0	19
257	Spectrogram 1	1	525.074651334	525.937489951	100.3	1447.7	0.863	1347.4	17
258	Spectrogram 1	1	526.800328568	527.000254589	86.0	1490.7	0.200	1404.7	19
259	Spectrogram 1	1	527.042344277	527.684212029	143.3	1462.0	0.642	1318.7	17
260	Spectrogram 1	1	529.199440819	531.061909541	114.7	1490.7	1.862	1376.0	Z
261	Spectrogram 1	1	531.998402709	532.819151637	114.7	1433.3	0.821	1318.6	17
262	Spectrogram 1	1	533.355795167	533.534676344	114.7	1462.0	0.179	1347.3	19
263	Spectrogram 1	1	533.608333299	534.229156206	57.3	1462.0	0.621	1404.7	17
264	Spectrogram 1	1	535.544458975	537.743645206	143.3	1490.7	2.199	1347.4	Z
265	Spectrogram 1	1	538.280285474	538.459166650	57.3	1490.7	0.179	1433.4	19
266	Spectrogram 1	1	538.543346028	539.195736201	86.0	1490.7	0.652	1404.7	17
267	Spectrogram 1	1	542.184104094	542.952240911	86.0	1490.7	0.768	1404.7	17
268	Spectrogram 1	1	544.772619944	546.750835310	172.0	1490.7	1.978	1318.7	Z
269	Spectrogram 1	1	547.392703061	547.592629082	86.0	1519.3	0.200	1433.3	19
270	Spectrogram 1	1	547.666286037	548.350243477	86.0	1490.7	0.684	1404.7	17
271	Spectrogram 1	1	549.307779687	549.528750552	143.3	1490.7	0.221	1347.4	19
272	Spectrogram 1	1	549.581362663	550.223230414	86.0	1462.0	0.642	1376.0	17
273	Spectrogram 1	1	552.218742356	553.523522704	114.7	1462.0	1.305	1347.3	Z
274	Spectrogram 1	1	554.049643812	554.186435300	86.0	1462.0	0.137	1376.0	19
275	Spectrogram 1	1	554.270614677	554.828303051	86.0	1433.3	0.558	1347.3	17
276	Spectrogram 1	1	555.670096824	556.217262776	86.0	1462.0	0.547	1376.0	17
277	Spectrogram 1	1	557.290546830	558.837342887	86.0	1490.7	1.547	1404.7	Z
278	Spectrogram 1	1	559.363463995	559.531822750	28.7	1462.0	0.168	1433.3	19
279	Spectrogram 1	1	559.594957282	560.078988702	86.0	1490.7	0.484	1404.7	17
280	Spectrogram 1	1	560.815558253	560.941827318	28.7	1490.7	0.126	1462.0	19
281	Spectrogram 1	1	561.026006696	561.425858738	57.3	1490.7	0.400	1433.4	17
282	Spectrogram 1	1	562.909520262	564.656242340	86.0	1548.0	1.747	1462.0	Z
283	Spectrogram 1	1	565.329677358	565.487513690	114.7	1490.7	0.158	1376.0	19
284	Spectrogram 1	1	565.540125801	566.108336597	86.0	1519.3	0.568	1433.3	17
285	Spectrogram 1	1	568.938865726	569.570211055	86.0	1490.7	0.631	1404.7	Y
286	Spectrogram 1	1	571.011780715	572.232381685	114.7	1462.0	1.221	1347.3	Z
287	Spectrogram 1	1	572.653278571	572.758502793	86.0	1490.7	0.105	1404.7	19
288	Spectrogram 1	1	572.821637326	573.316191167	86.0	1490.7	0.495	1404.7	17
289	Spectrogram 1	1	575.094480512	575.220749577	114.7	1490.7	0.126	1376.0	19
290	Spectrogram 1	1	575.273361688	575.820527640	57.3	1433.3	0.547	1376.0	17
291	Spectrogram 1	1	577.661951518	579.029866398	114.7	1490.7	1.368	1376.0	Z
292	Spectrogram 1	1	579.335204204	579.461473270	86.0	1462.0	0.126	1376.0	19
293	Spectrogram 1	1	579.503562959	580.176997977	143.3	1490.7	0.673	1347.4	17
294	Spectrogram 1	1	583.130561480	584.908850824	659.3	2522.7	1.778	1863.4	Z
295	Spectrogram 1	1	585.303247678	586.050339651	172.0	1490.7	0.747	1318.7	17
296	Spectrogram 1	1	588.981028199	591.032900519	458.7	2522.7	2.052	2064.0	Z
297	Spectrogram 1	1	591.416773490	591.932372175	258.0	1462.0	0.516	1204.0	17
298	Spectrogram 1	1	592.211409025	592.369245357	888.7	2551.3	0.158	1662.6	X
299	Spectrogram 1	1	592.779619821	593.105814908	774.0	2494.0	0.326	1720.0	X
300	Spectrogram 1	1	593.400442729	593.537234217	917.3	2494.0	0.137	1576.7	X
301	Spectrogram 1	1	593.625149698	593.993434474	372.7	1519.3	0.368	1146.6	X
302	Spectrogram 1	1	594.273803768	594.652610965	602.0	2494.0	0.379	1892.0	X
303	Spectrogram 1	1	595.077243956	595.456051154	229.3	1490.7	0.379	1261.4	X
304	Spectrogram 1	1	595.683808337	595.999481001	860.0	2522.7	0.316	1662.7	X
305	Spectrogram 1	1	596.188884600	596.494034843	544.7	2494.0	0.305	1949.3	X
306	Spectrogram 1	1	596.872842040	597.072768061	659.3	2522.7	0.200	1863.4	X
307	Spectrogram 1	1	597.493664948	597.798815190	774.0	2436.7	0.305	1662.7	X
308	Spectrogram 1	1	598.072398166	598.251279343	888.7	2522.7	0.179	1634.0	X
309	Spectrogram 1	1	598.651131385	598.819490139	888.7	2494.0	0.168	1605.3	X
310	Spectrogram 1	1	603.990375631	605.716052865	516.0	2465.3	1.726	1949.3	Z
311	Spectrogram 1	1	606.073815218	606.526279371	86.0	1462.0	0.452	1376.0	17
312	Spectrogram 1	1	608.336135982	608.578151691	774.0	2494.0	0.242	1720.0	X
313	Spectrogram 1	1	608.988526156	609.346288509	143.3	1490.7	0.358	1347.4	X
314	Spectrogram 1	1	609.683006018	609.998678683	114.7	1490.7	0.316	1376.0	X
315	Spectrogram 1	1	610.303828925	610.619501590	258.0	1490.7	0.316	1232.7	X
316	Spectrogram 1	1	610.956219099	611.271891763	315.3	1462.0	0.316	1146.7	X
317	Spectrogram 1	1	611.461295362	611.819057716	143.3	1433.3	0.358	1290.0	X
318	Spectrogram 1	1	612.176820069	612.492492734	286.7	1490.7	0.316	1204.0	X
319	Spectrogram 1	1	612.702941177	613.050181108	172.0	1490.7	0.347	1318.7	X
320	Spectrogram 1	1	613.344804409	613.723611606	200.7	1490.7	0.379	1290.0	X
321	Spectrogram 1	1	613.955104894	614.239210292	172.0	1490.7	0.284	1318.7	X
322	Spectrogram 1	1	614.428613891	614.775853822	172.0	1519.3	0.347	1347.3	X
323	Spectrogram 1	1	615.059959220	615.480856107	143.3	1490.7	0.421	1347.4	X
324	Spectrogram 1	1	616.611547329	619.200063179	630.7	2494.0	2.589	1863.3	Z
325	Spectrogram 1	1	621.537168207	622.263215336	172.0	1519.3	0.726	1347.3	17
326	Spectrogram 1	1	624.092989482	626.102772114	716.7	2522.7	2.010	1806.0	Z
327	Spectrogram 1	1	626.345910816	626.777330124	229.3	1490.7	0.431	1261.4	17
328	Spectrogram 1	1	627.398153031	627.703303274	172.0	1519.3	0.305	1347.3	17
329	Spectrogram 1	1	628.692410956	629.102785420	286.7	1462.0	0.410	1175.3	X
330	Spectrogram 1	1	629.481592618	629.902489504	315.3	1490.7	0.421	1175.4	X
331	Spectrogram 1	1	630.176072480	630.628536633	172.0	1490.7	0.452	1318.7	X
332	Spectrogram 1	1	631.300844827	632.521445797	602.0	2494.0	1.221	1892.0	Z
333	Spectrogram 1	1	632.859290130	633.806308124	229.3	1490.7	0.947	1261.4	17
334	Spectrogram 1	1	637.299749220	637.973184238	172.0	1519.3	0.673	1347.3	17
335	Spectrogram 1	1	639.297879091	641.013033903	544.7	2465.3	1.715	1920.6	Z
336	Spectrogram 1	1	641.319310936	641.866476888	229.3	1462.0	0.547	1232.7	17
337	Spectrogram 1	1	642.897674260	643.486929900	286.7	1548.0	0.589	1261.3	17
338	Spectrogram 1	1	643.949916475	644.297156407	286.7	1548.0	0.347	1261.3	17
339	Spectrogram 1	1	644.886412047	645.223129556	258.0	1519.3	0.337	1261.3	17
340	Spectrogram 1	1	646.178642783	648.062156349	487.3	2494.0	1.884	2006.7	Z
341	Spectrogram 1	1	648.285154404	649.147993021	114.7	1519.3	0.863	1404.6	17
342	Spectrogram 1	1	652.542246973	653.257771679	200.7	1519.3	0.716	1318.6	17
343	Spectrogram 1	1	655.121331157	656.331409705	516.0	2494.0	1.210	1978.0	Z
344	Spectrogram 1	1	656.688081302	657.487785386	172.0	1490.7	0.800	1318.7	17
345	Spectrogram 1	1	658.760998467	659.371298952	172.0	1519.3	0.610	1347.3	17
346	Spectrogram 1	1	660.161571370	661.171723897	487.3	2408.0	1.010	1920.7	Z
347	Spectrogram 1	1	661.610465058	662.462781253	172.0	1548.0	0.852	1376.0	17
348	Spectrogram 1	1	663.651814956	664.093756687	200.7	1519.3	0.442	1318.6	17
349	Spectrogram 1	1	664.535698417	664.704057172	200.7	1490.7	0.168	1290.0	19
350	Spectrogram 1	1	664.777714127	665.303835235	143.3	1519.3	0.526	1376.0	19
351	Spectrogram 1	1	666.369799096	667.664057021	573.3	2494.0	1.294	1920.7	Z
352	Spectrogram 1	1	667.958055085	668.673579791	200.7	1404.7	0.716	1204.0	Y
353	Spectrogram 1	1	671.567245884	672.345905124	172.0	1462.0	0.779	1290.0	17
354	Spectrogram 1	1	673.093625592	674.377361095	544.7	2551.3	1.284	2006.6	Z
355	Spectrogram 1	1	674.737803775	675.516463015	200.7	1548.0	0.779	1347.3	Y
356	Spectrogram 1	1	676.200420455	676.295122254	372.7	1519.3	0.095	1146.6	19
357	Spectrogram 1	1	676.358256787	676.915945161	172.0	1490.7	0.558	1318.7	17
358	Spectrogram 1	1	677.631469868	677.768261356	229.3	1519.3	0.137	1290.0	18
359	Spectrogram 1	1	677.799828623	678.231247931	114.7	1490.7	0.431	1376.0	17
360	Spectrogram 1	1	680.041104542	680.440956584	200.7	1490.7	0.400	1290.0	17
361	Spectrogram 1	1	681.322158399	682.227086705	630.7	2465.3	0.905	1834.6	Z
362	Spectrogram 1	1	682.547307679	683.315444497	114.7	1548.0	0.768	1433.3	Y
363	Spectrogram 1	1	686.493215988	687.135083740	114.7	1519.3	0.642	1404.6	17
364	Spectrogram 1	1	688.519492692	689.897929995	573.3	2465.3	1.378	1892.0	Z
365	Spectrogram 1	1	690.710985413	691.710615518	114.7	1519.3	1.000	1404.6	17
366	Spectrogram 1	1	692.057855449	692.552409291	172.0	1490.7	0.495	1318.7	X
367	Spectrogram 1	1	692.825992267	693.194277042	200.7	1519.3	0.368	1318.6	X
368	Spectrogram 1	1	693.436292752	693.794055105	200.7	1519.3	0.358	1318.6	X
369	Spectrogram 1	1	693.909801749	694.278086524	430.0	1548.0	0.368	1118.0	X
370	Spectrogram 1	1	694.730550677	695.109357875	200.7	1548.0	0.379	1347.3	X
371	Spectrogram 1	1	695.488165072	695.919584381	172.0	1490.7	0.431	1318.7	X
372	Spectrogram 1	1	696.298391578	696.740333309	229.3	1576.7	0.442	1347.4	X
373	Spectrogram 1	1	699.452287277	701.156919667	573.3	2494.0	1.705	1920.7	Z
374	Spectrogram 1	1	702.040748354	702.703660950	143.3	1548.0	0.663	1404.7	17
375	Spectrogram 1	1	703.474403787	703.832166140	602.0	2465.3	0.358	1863.3	X
376	Spectrogram 1	1	704.074181850	704.421421781	573.3	2494.0	0.347	1920.7	X
377	Spectrogram 1	1	704.695004757	704.979110155	602.0	2522.7	0.284	1920.7	X
378	Spectrogram 1	1	705.210603443	705.505231263	516.0	2465.3	0.295	1949.3	X
379	Spectrogram 1	1	705.820903928	706.189188703	516.0	2494.0	0.368	1978.0	X
380	Spectrogram 1	1	706.389114724	706.673220122	573.3	2465.3	0.284	1892.0	X
381	Spectrogram 1	1	706.988892787	707.346655140	630.7	2436.7	0.358	1806.0	X
382	Spectrogram 1	1	707.536058739	708.009567736	659.3	2465.3	0.474	1806.0	X
383	Spectrogram 1	1	708.167404069	708.672480332	516.0	2494.0	0.505	1978.0	X
384	Spectrogram 1	1	708.788226976	709.209123862	544.7	2494.0	0.421	1949.3	X
385	Spectrogram 1	1	709.377482617	709.840469191	573.3	2465.3	0.463	1892.0	X
386	Spectrogram 1	1	711.873126779	713.398877992	487.3	2494.0	1.526	2006.7	Z
387	Spectrogram 1	1	715.836103454	716.341179718	143.3	1490.7	0.505	1347.4	17
388	Spectrogram 1	1	717.053467301	717.348095122	745.3	2465.3	0.295	1720.0	X
389	Spectrogram 1	1	717.579588409	717.884738652	630.7	2465.3	0.305	1834.6	Z
390	Spectrogram 1	1	718.074142251	718.452949448	544.7	2494.0	0.379	1949.3	X
391	Spectrogram 1	1	718.663397891	718.979070556	602.0	2465.3	0.316	1863.3	X
392	Spectrogram 1	1	719.252653532	719.599893463	602.0	2436.7	0.347	1834.7	X
393	Spectrogram 1	1	719.747207373	720.136536993	602.0	2436.7	0.389	1834.7	X
394	Spectrogram 1	1	720.283850903	720.631090835	516.0	2494.0	0.347	1978.0	X
395	Spectrogram 1	1	720.767882323	721.104599832	544.7	2494.0	0.337	1949.3	X
396	Spectrogram 1	1	721.357137963	721.662288206	573.3	2465.3	0.305	1892.0	X
397	Spectrogram 1	1	721.967438448	722.262066269	573.3	2494.0	0.295	1920.7	X
398	Spectrogram 1	1	722.504081978	722.914456443	573.3	2494.0	0.410	1920.7	X
399	Spectrogram 1	1	723.093337619	723.472144817	516.0	2465.3	0.379	1949.3	X
400	Spectrogram 1	1	723.651025994	724.050878035	630.7	2494.0	0.400	1863.3	X
401	Spectrogram 1	1	728.015369974	729.656867830	487.3	2522.7	1.641	2035.4	Z
402	Spectrogram 1	1	731.373889306	731.605382594	458.7	2465.3	0.231	2006.6	X
403	Spectrogram 1	1	731.984189791	732.152548546	602.0	2580.0	0.168	1978.0	X
404	Spectrogram 1	1	732.552400588	732.720759342	544.7	2522.7	0.168	1978.0	X
405	Spectrogram 1	1	733.099566540	733.320537405	630.7	2494.0	0.221	1863.3	X
406	Spectrogram 1	1	733.625687648	733.899270624	573.3	2494.0	0.274	1920.7	X
407	Spectrogram 1	1	734.278077821	734.562183219	573.3	2580.0	0.284	2006.7	X
408	Spectrogram 1	1	734.909423151	735.151438860	458.7	2465.3	0.242	2006.6	X
409	Spectrogram 1	1	735.488156369	735.656515124	401.3	2522.7	0.168	2121.4	X
410	Spectrogram 1	1	736.056367166	736.256293187	487.3	2494.0	0.200	2006.7	X
411	Spectrogram 1	1	736.708757339	736.908683360	573.3	2522.7	0.200	1949.4	X
412	Spectrogram 1	1	737.234878447	737.476894157	544.7	2494.0	0.242	1949.3	X
413	Spectrogram 1	1	737.908313465	738.139806753	487.3	2551.3	0.231	2064.0	X
414	Spectrogram 1	1	741.622724650	743.621984859	487.3	2522.7	1.999	2035.4	Z
415	Spectrogram 1	1	745.084601539	745.652812336	143.3	1519.3	0.568	1376.0	17
416	Spectrogram 1	1	746.999682372	747.189085970	544.7	2580.0	0.189	2035.3	X
417	Spectrogram 1	1	747.620505279	747.904610677	602.0	2465.3	0.284	1863.3	X
418	Spectrogram 1	1	748.083491854	748.420209363	602.0	2580.0	0.337	1978.0	X
419	Spectrogram 1	1	748.820061405	749.019987426	544.7	2522.7	0.200	1978.0	X
420	Spectrogram 1	1	749.430361890	749.682900022	573.3	2522.7	0.253	1949.4	X
421	Spectrogram 1	1	749.988050264	750.261633240	573.3	2522.7	0.274	1949.4	X
422	Spectrogram 1	1	750.619395593	750.808799192	602.0	2494.0	0.189	1892.0	X
423	Spectrogram 1	1	751.187606390	751.377009989	487.3	2408.0	0.189	1920.7	X
424	Spectrogram 1	1	751.850518986	752.008355318	602.0	2522.7	0.158	1920.7	X
425	Spectrogram 1	1	752.429250402	752.660743689	659.3	2637.3	0.231	1978.0	X
426	Spectrogram 1	1	753.092162997	753.292089018	487.3	2494.0	0.200	2006.7	X
427	Spectrogram 1	1	753.660373794	753.881344659	544.7	2436.7	0.221	1892.0	X
428	Spectrogram 1	1	754.218062168	754.460077878	573.3	2522.7	0.242	1949.4	X
429	Spectrogram 1	1	757.284951886	759.578839916	114.7	1490.7	2.294	1376.0	Z
430	Spectrogram 1	1	762.388326632	762.840790784	200.7	1576.7	0.452	1376.0	17
431	Spectrogram 1	1	763.966689955	764.313929886	200.7	1490.7	0.347	1290.0	17
432	Spectrogram 1	1	765.555573324	768.207223707	229.3	1548.0	2.652	1318.7	Z
433	Spectrogram 1	1	768.554463638	769.080584746	172.0	1519.3	0.526	1347.3	17
434	Spectrogram 1	1	769.890811252	770.280140872	229.3	1576.7	0.389	1347.4	17
435	Spectrogram 1	1	771.795369662	774.068212848	172.0	1490.7	2.273	1318.7	Z
436	Spectrogram 1	1	775.415082138	775.835979024	143.3	1490.7	0.421	1347.4	17
437	Spectrogram 1	1	778.341942136	779.046944420	143.3	1433.3	0.705	1290.0	Y
438	Spectrogram 1	1	782.074516280	783.463476004	544.7	2436.7	1.389	1892.0	Z
439	Spectrogram 1	1	783.747581403	783.884372891	229.3	1576.7	0.137	1347.4	19
440	Spectrogram 1	1	783.907667599	784.688917586	143.3	1490.7	0.781	1347.4	17
441	Spectrogram 1	1	788.693118757	789.408643463	114.7	1548.0	0.716	1433.3	17
442	Spectrogram 1	1	791.765666027	792.460145889	114.7	1548.0	0.694	1433.3	17
443	Spectrogram 1	1	793.425009217	795.203298561	344.0	2494.0	1.778	2150.0	Z
444	Spectrogram 1	1	795.858886440	796.532321458	57.3	1490.7	0.673	1433.4	Y
445	Spectrogram 1	1	797.889713916	797.994938137	143.3	1462.0	0.105	1318.7	19
446	Spectrogram 1	1	798.015982982	798.478969556	114.7	1490.7	0.463	1376.0	17
447	Spectrogram 1	1	799.341808173	799.447032395	143.3	1462.0	0.105	1318.7	19
448	Spectrogram 1	1	799.489122083	799.994198347	114.7	1490.7	0.505	1376.0	17
449	Spectrogram 1	1	801.251932889	802.851341056	458.7	2522.7	1.599	2064.0	Z
450	Spectrogram 1	1	803.750700739	804.424135757	86.0	1548.0	0.673	1462.0	17
451	Spectrogram 1	1	807.149443095	807.286234583	143.3	1548.0	0.137	1404.7	19
452	Spectrogram 1	1	807.359891538	807.822878113	86.0	1462.0	0.463	1376.0	19
453	Spectrogram 1	1	809.708759733	811.097719457	114.7	1519.3	1.389	1404.6	Z
454	Spectrogram 1	1	811.895054312	812.536922064	86.0	1490.7	0.642	1404.7	Y
455	Spectrogram 1	1	813.747000612	813.915359366	57.3	1462.0	0.168	1404.7	19
456	Spectrogram 1	1	813.936404211	814.325733830	114.7	1433.3	0.389	1318.6	17
457	Spectrogram 1	1	815.243553069	816.906095770	114.7	1490.7	1.663	1376.0	Z
458	Spectrogram 1	1	817.493593716	818.198596001	114.7	1490.7	0.705	1376.0	Y
459	Spectrogram 1	1	821.407933413	822.091890854	86.0	1548.0	0.684	1462.0	17
460	Spectrogram 1	1	824.403587950	825.845159785	57.3	1490.7	1.442	1433.4	Z
461	Spectrogram 1	1	826.447507315	827.194599288	86.0	1576.7	0.747	1490.7	Y
462	Spectrogram 1	1	828.141617282	828.288931192	86.0	1462.0	0.147	1376.0	19
463	Spectrogram 1	1	828.383632992	828.815052300	57.3	1519.3	0.431	1462.0	17
464	Spectrogram 1	1	829.945667304	832.039629313	86.0	1548.0	2.094	1462.0	Z
465	Spectrogram 1	1	832.284953844	832.453312599	86.0	1519.3	0.168	1433.3	19
466	Spectrogram 1	1	832.558536820	833.242494260	57.3	1519.3	0.684	1462.0	17
467	Spectrogram 1	1	836.073025820	836.977954126	86.0	1548.0	0.905	1462.0	Y
468	Spectrogram 1	1	839.226939852	840.752691064	143.3	1519.3	1.526	1376.0	Z
469	Spectrogram 1	1	841.668141792	842.362621654	114.7	1548.0	0.694	1433.3	17
470	Spectrogram 1	1	844.330314598	844.477628508	86.0	1548.0	0.147	1462.0	19
471	Spectrogram 1	1	844.519718196	845.161585948	57.3	1519.3	0.642	1462.0	17
472	Spectrogram 1	1	846.603156379	848.286743924	114.7	1548.0	1.684	1433.3	Z
473	Spectrogram 1	1	848.833909877	849.002268631	143.3	1490.7	0.168	1347.4	19
474	Spectrogram 1	1	849.096970431	849.570479428	114.7	1490.7	0.474	1376.0	17
475	Spectrogram 1	1	850.643766487	850.812125242	114.7	1548.0	0.168	1433.3	19
476	Spectrogram 1	1	850.864737353	851.601306904	86.0	1548.0	0.737	1462.0	17
477	Spectrogram 1	1	854.337136061	855.999678762	172.0	1490.7	1.663	1318.7	Z
478	Spectrogram 1	1	856.778338002	856.957219178	114.7	1490.7	0.179	1376.0	19
479	Spectrogram 1	1	857.030876133	857.535952397	86.0	1490.7	0.505	1404.7	17
480	Spectrogram 1	1	859.524763890	859.672077800	114.7	1548.0	0.147	1433.3	19
481	Spectrogram 1	1	859.693122645	860.103497109	114.7	1490.7	0.410	1376.0	17
482	Spectrogram 1	1	861.923875596	863.554851031	229.3	1548.0	1.631	1318.7	Z
483	Spectrogram 1	1	864.280898159	864.449256914	114.7	1576.7	0.168	1462.0	19
484	Spectrogram 1	1	864.470301758	864.912243489	86.0	1462.0	0.442	1376.0	17
485	Spectrogram 1	1	867.742773616	867.911132371	86.0	1548.0	0.168	1462.0	19
486	Spectrogram 1	1	867.963744481	868.437253479	114.7	1519.3	0.474	1404.6	17
487	Spectrogram 1	1	869.920915003	871.478233482	172.0	1490.7	1.557	1318.7	Z
488	Spectrogram 1	1	872.046444278	872.204280611	86.0	1548.0	0.158	1462.0	19
489	Spectrogram 1	1	872.298981749	872.625176836	57.3	1519.3	0.326	1462.0	17
490	Spectrogram 1	1	873.603762097	873.719508741	114.7	1519.3	0.116	1404.6	19
491	Spectrogram 1	1	873.793165696	874.150928049	57.3	1490.7	0.358	1433.4	17
492	Spectrogram 1	1	875.224215109	876.634219678	229.3	1433.3	1.410	1204.0	Z
493	Spectrogram 1	1	877.268669871	877.384416515	114.7	1519.3	0.116	1404.6	19
494	Spectrogram 1	1	877.468595892	878.036806689	86.0	1490.7	0.568	1404.7	17
495	Spectrogram 1	1	881.361892090	881.498683578	114.7	1519.3	0.137	1404.6	19
496	Spectrogram 1	1	881.530250845	882.151073752	86.0	1490.7	0.621	1404.7	17
497	Spectrogram 1	1	883.848843942	885.448252109	114.7	1462.0	1.599	1347.3	Z
498	Spectrogram 1	1	886.595196124	887.247586298	86.0	1462.0	0.652	1376.0	17
499	Spectrogram 1	1	889.057442909	889.183711975	28.7	1576.7	0.126	1548.0	19
500	Spectrogram 1	1	889.257368930	889.709833083	86.0	1548.0	0.452	1462.0	17
501	Spectrogram 1	1	890.614761388	891.972153846	143.3	1519.3	1.357	1376.0	Z
502	Spectrogram 1	1	892.487752532	892.656111287	57.3	1490.7	0.168	1433.4	19
503	Spectrogram 1	1	892.740290664	893.329546305	86.0	1462.0	0.589	1376.0	17
504	Spectrogram 1	1	894.960520879	895.107834789	57.3	1490.7	0.147	1433.4	19
505	Spectrogram 1	1	895.181491744	895.644478319	86.0	1490.7	0.463	1404.7	17
506	Spectrogram 1	1	896.717765379	898.348740813	114.7	1576.7	1.631	1462.0	Z
507	Spectrogram 1	1	898.916951610	899.695610849	86.0	1548.0	0.779	1462.0	Y
508	Spectrogram 1	1	903.083829149	903.252187903	200.7	1519.3	0.168	1318.6	19
509	Spectrogram 1	1	903.294277592	903.862488388	143.3	1490.7	0.568	1347.4	17
510	Spectrogram 1	1	906.030107352	907.555858565	143.3	1519.3	1.526	1376.0	Z
511	Spectrogram 1	1	908.155636628	908.313472960	114.7	1548.0	0.158	1433.3	19
512	Spectrogram 1	1	908.376607493	908.902728601	86.0	1490.7	0.526	1404.7	17
513	Spectrogram 1	1	909.712953845	909.902357444	86.0	1548.0	0.189	1462.0	19
514	Spectrogram 1	1	909.976014399	910.186462842	86.0	1576.7	0.210	1490.7	17
515	Spectrogram 1	1	912.333036962	913.869310597	143.3	1462.0	1.536	1318.7	Z
516	Spectrogram 1	1	914.553268037	914.732149214	114.7	1490.7	0.179	1376.0	19
517	Spectrogram 1	1	914.763716480	915.331927277	86.0	1462.0	0.568	1376.0	17
518	Spectrogram 1	1	919.420302522	920.083215118	143.3	1519.3	0.663	1376.0	17
519	Spectrogram 1	1	922.219266816	923.755540451	143.3	1576.7	1.536	1433.4	Z
520	Spectrogram 1	1	924.565766669	924.713080580	143.3	1490.7	0.147	1347.4	19
521	Spectrogram 1	1	924.784979409	925.228679265	143.3	1519.3	0.444	1376.0	17
522	Spectrogram 1	1	124.199582012	124.971907283	239.7	1605.8	0.772	1366.1	17
523	Spectrogram 1	1	127.198977690	128.022791312	143.8	1653.7	0.824	1509.9	Y
524	Spectrogram 1	1	131.318045800	131.832929313	119.8	1557.9	0.515	1438.1	17
525	Spectrogram 1	1	131.987394367	132.399301178	119.8	1486.0	0.412	1366.2	17
526	Spectrogram 1	1	132.708231286	133.171626449	143.8	1533.9	0.463	1390.1	17
527	Spectrogram 1	1	136.273998830	137.149300803	143.8	1509.9	0.875	1366.1	17
528	Spectrogram 1	1	138.539486290	139.157346506	287.6	1581.8	0.618	1294.2	17
529	Spectrogram 1	1	140.406908417	141.113903858	119.8	1725.7	0.707	1605.9	20
530	Spectrogram 1	1	143.932195054	144.441903727	215.7	1821.5	0.510	1605.8	17
531	Spectrogram 1	1	145.297486144	145.752583174	48.1	1677.7	0.455	1629.6	20
532	Spectrogram 1	1	146.808408284	147.263505314	96.3	1797.6	0.455	1701.3	20
533	Spectrogram 1	1	150.643797768	151.299137492	143.8	1845.5	0.655	1701.7	17
534	Spectrogram 1	1	152.788722207	153.412647916	192.6	1725.7	0.624	1533.1	17
535	Spectrogram 1	1	157.422673830	158.036433741	144.4	1821.5	0.614	1677.1	17
536	Spectrogram 1	1	159.327742831	159.976088432	95.9	1605.8	0.648	1509.9	20
537	Spectrogram 1	1	163.051704482	163.632494972	95.9	1533.9	0.581	1438.0	20
538	Spectrogram 1	1	164.250355189	164.816727054	143.8	1438.0	0.566	1294.2	20
539	Spectrogram 1	1	168.309908145	168.869809001	143.8	1677.7	0.560	1533.9	20
540	Spectrogram 1	1	169.883713561	170.774878001	119.8	1653.7	0.891	1533.9	17
541	Spectrogram 1	1	171.753156677	172.628458650	143.8	1581.8	0.875	1438.0	Y
542	Spectrogram 1	1	177.519852030	178.292177301	71.9	1629.8	0.772	1557.9	17
543	Spectrogram 1	1	180.145757950	180.403199707	167.8	1677.7	0.257	1509.9	19
544	Spectrogram 1	1	180.454688058	181.021059923	95.9	1581.8	0.566	1485.9	17
545	Spectrogram 1	1	128.965769082	130.385671816	479.3	1821.5	1.420	1342.2	Z
546	Spectrogram 1	1	134.062855818	135.828632295	311.6	1605.8	1.766	1294.2	Z
547	Spectrogram 1	1	142.795231870	143.887464742	335.5	1821.5	1.092	1486.0	Z
548	Spectrogram 1	1	148.875328192	150.422658094	383.5	1749.6	1.547	1366.1	Z
549	Spectrogram 1	1	155.152806679	157.137029730	431.4	1701.7	1.984	1270.3	Z
550	Spectrogram 1	1	161.196495238	162.614811333	287.6	1677.7	1.418	1390.1	Z
551	Spectrogram 1	1	166.017346568	167.419045420	311.6	1677.7	1.402	1366.1	Z
552	Spectrogram 1	1	173.661849218	174.499227754	191.7	1701.7	0.837	1510.0	17
553	Spectrogram 1	1	175.281994645	176.792916785	335.5	1629.8	1.511	1294.3	Z
554	Spectrogram 1	1	182.269168407	183.761886666	167.8	1366.1	1.493	1198.3	Z
555	Spectrogram 1	1	184.107760409	184.672080726	47.9	1509.9	0.564	1462.0	17
556	Spectrogram 1	1	183.925721597	184.125964290	167.8	1414.1	0.200	1246.3	19
557	Spectrogram 1	1	185.070053283	185.215684333	72.2	1781.3	0.146	1709.1	19
558	Spectrogram 1	1	185.270295976	185.980247343	72.2	1661.0	0.710	1588.8	17
559	Spectrogram 1	1	187.272328205	188.910677513	625.9	2359.1	1.638	1733.2	Z
560	Spectrogram 1	1	189.930094860	190.985919970	96.3	1709.1	1.056	1612.8	17
561	Spectrogram 1	1	191.786890743	192.387618823	72.2	1661.0	0.601	1588.8	20
562	Spectrogram 1	1	195.336647577	195.973783419	96.3	1709.1	0.637	1612.8	20
563	Spectrogram 1	1	197.628411924	199.066518539	481.4	1853.5	1.438	1372.1	Z
564	Spectrogram 1	1	199.667246618	200.450013510	96.3	1757.3	0.783	1661.0	Y
565	Spectrogram 1	1	201.250984283	201.342003689	120.4	1733.2	0.091	1612.8	19
566	Spectrogram 1	1	201.433023095	201.906324006	72.2	1733.2	0.473	1661.0	17
567	Spectrogram 1	1	202.525255967	202.725498660	144.4	1829.5	0.200	1685.1	19
568	Spectrogram 1	1	202.780110304	203.162391809	144.4	1781.3	0.382	1636.9	17
569	Spectrogram 1	1	203.544673314	203.799527651	120.4	1781.3	0.255	1660.9	19
570	Spectrogram 1	1	203.799527651	204.236420800	96.3	1636.9	0.437	1540.6	17
571	Spectrogram 1	1	207.072521504	207.218152553	192.6	1685.0	0.146	1492.4	19
572	Spectrogram 1	1	207.290968078	207.837084514	144.4	1468.4	0.546	1324.0	17
573	Spectrogram 1	1	210.658686101	211.386841349	72.2	1853.5	0.728	1781.3	17
574	Spectrogram 1	1	212.861355726	213.407472162	168.5	1661.0	0.546	1492.5	17
575	Spectrogram 1	1	212.661113033	212.788540201	72.2	1709.1	0.127	1636.9	19
576	Spectrogram 1	1	214.536112797	216.647763016	168.5	1829.5	2.112	1661.0	Z
577	Spectrogram 1	1	218.173369890	220.339631753	385.2	1925.8	2.166	1540.6	Z
578	Spectrogram 1	1	222.997398409	223.397883795	216.6	2022.1	0.400	1805.5	20
579	Spectrogram 1	1	224.271670093	224.781378767	192.6	1757.3	0.510	1564.7	20
580	Spectrogram 1	1	226.128465976	228.494970532	337.0	1636.9	2.367	1299.9	Z
581	Spectrogram 1	1	229.221079958	259.962796530	96.3	2383.1	30.742	2286.8	/////
