Selection	View	Channel	Begin Time (s)	End Time (s)	Low Freq (Hz)	High Freq (Hz)	Delta Time (s)	Delta Freq (Hz)	Peak Freq (Hz)	UNIT
1	Spectrogram 1	1	8.229166524	9.613095071	573.3	2465.3	1.384	1892.0	796.9	Z
2	Spectrogram 1	1	10.061138215	10.790304869	86.0	1490.7	0.729	1404.7	375.0	17
3	Spectrogram 1	1	14.242685761	14.808161942	57.3	1519.3	0.565	1462.0	281.2	17
4	Spectrogram 1	1	16.145833053	17.514880648	544.7	2494.0	1.369	1949.3	796.9	Z
5	Spectrogram 1	1	17.873638079	18.424233308	143.3	1462.0	0.551	1318.7	375.0	17
6	Spectrogram 1	1	19.718876143	20.165304706	114.7	1490.7	0.446	1376.0	328.1	17
7	Spectrogram 1	1	23.244048556	25.014881858	573.3	2408.0	1.771	1834.7	796.9	Z
8	Spectrogram 1	1	25.349758940	25.885473217	172.0	1490.7	0.536	1318.7	375.0	17
9	Spectrogram 1	1	26.354168220	27.633930103	573.3	2465.3	1.280	1892.0	796.9	Z
10	Spectrogram 1	1	27.974690562	28.659214360	114.7	1462.0	0.685	1347.3	375.0	17
11	Spectrogram 1	1	29.358619109	30.013381003	114.7	1490.7	0.655	1376.0	328.1	17
12	Spectrogram 1	1	33.272309518	33.867547603	143.3	1519.3	0.595	1376.0	375.0	17
13	Spectrogram 1	1	35.505954924	36.636907286	430.0	2465.3	1.131	2035.3	796.9	Z
14	Spectrogram 1	1	36.873785915	37.677357330	86.0	1433.3	0.804	1347.3	375.0	Y
15	Spectrogram 1	1	38.302357319	38.912476356	143.3	1519.3	0.610	1376.0	328.1	17
16	Spectrogram 1	1	39.820214435	40.028547765	143.3	1490.7	0.208	1347.3	234.4	19
17	Spectrogram 1	1	40.102952526	40.579142993	114.7	1490.7	0.476	1376.0	328.1	17
18	Spectrogram 1	1	41.011908648	42.098218153	544.7	2436.7	1.086	1892.0	796.9	Z
19	Spectrogram 1	1	42.392540842	42.600874171	57.3	1462.0	0.208	1404.7	328.1	19
20	Spectrogram 1	1	42.645517028	43.270517017	114.7	1462.0	0.625	1347.3	328.1	17
21	Spectrogram 1	1	43.764885750	44.940480967	544.7	2408.0	1.176	1863.3	750.0	Z
22	Spectrogram 1	1	45.190159841	45.398493170	86.0	1490.7	0.208	1404.7	328.1	19
23	Spectrogram 1	1	45.428255075	46.038374112	114.7	1519.3	0.610	1404.7	375.0	17
24	Spectrogram 1	1	46.678255053	46.871707431	114.7	1490.7	0.193	1376.0	328.1	19
25	Spectrogram 1	1	46.916350287	47.630635989	86.0	1490.7	0.714	1404.7	375.0	17
26	Spectrogram 1	1	51.008612121	51.202064498	143.3	1462.0	0.193	1318.7	328.1	19
27	Spectrogram 1	1	51.276469259	52.065159721	86.0	1490.7	0.789	1404.7	375.0	17
28	Spectrogram 1	1	54.032744628	54.955363660	544.7	2465.3	0.923	1920.7	703.1	Z
29	Spectrogram 1	1	55.239073144	55.462287426	86.0	1548.0	0.223	1462.0	234.4	19
30	Spectrogram 1	1	55.521811234	56.176573128	86.0	1519.3	0.655	1433.3	328.1	17
31	Spectrogram 1	1	56.681554106	57.693458850	516.0	2436.7	1.012	1920.7	750.0	Z
32	Spectrogram 1	1	58.012627041	58.816198456	86.0	1462.0	0.804	1376.0	328.1	Y
33	Spectrogram 1	1	59.426317493	59.590007966	143.3	1433.3	0.164	1290.0	234.4	19
34	Spectrogram 1	1	59.619769870	60.631674615	86.0	1490.7	1.012	1404.7	328.1	17
35	Spectrogram 1	1	62.068460213	63.541674473	458.7	2494.0	1.473	2035.3	2015.6	Z
36	Spectrogram 1	1	63.845960273	64.024531699	114.7	1490.7	0.179	1376.0	328.1	19
37	Spectrogram 1	1	64.084055507	64.813222161	57.3	1519.3	0.729	1462.0	328.1	17
38	Spectrogram 1	1	66.101199389	67.261913655	487.3	2465.3	1.161	1978.0	796.9	Z
39	Spectrogram 1	1	67.685248319	67.893581649	57.3	1462.0	0.208	1404.7	281.2	19
40	Spectrogram 1	1	67.923343553	68.697153063	57.3	1462.0	0.774	1404.7	281.2	17
41	Spectrogram 1	1	69.619772095	69.872748281	86.0	1462.0	0.253	1376.0	234.4	19
42	Spectrogram 1	1	69.902510185	70.631676839	114.7	1462.0	0.729	1347.3	234.4	17
43	Spectrogram 1	1	71.413700543	72.812510043	372.7	2408.0	1.399	2035.3	375.0	Z
44	Spectrogram 1	1	73.057272035	73.280486317	114.7	1519.3	0.223	1404.7	234.4	19
45	Spectrogram 1	1	73.265605365	73.860843450	86.0	1519.3	0.595	1433.3	281.2	17
46	Spectrogram 1	1	74.456081535	74.694176769	57.3	1490.7	0.238	1433.3	328.1	19
47	Spectrogram 1	1	74.738819625	75.497748183	86.0	1490.7	0.759	1404.7	281.2	17
48	Spectrogram 1	1	76.041678188	77.619059113	487.3	2465.3	1.577	1978.0	750.0	Z
49	Spectrogram 1	1	77.774542111	78.072161154	86.0	1462.0	0.298	1376.0	187.5	19
50	Spectrogram 1	1	78.087042106	78.979899233	143.3	1490.7	0.893	1347.3	328.1	17
51	Spectrogram 1	1	82.610851551	83.563232487	114.7	1462.0	0.952	1347.3	328.1	Y
52	Spectrogram 1	1	85.840018162	87.536446703	487.3	2408.0	1.696	1920.7	750.0	Z
53	Spectrogram 1	1	87.863827650	88.042399076	143.3	1433.3	0.179	1290.0	562.5	19
54	Spectrogram 1	1	88.087041932	89.069184772	114.7	1462.0	0.982	1347.3	281.2	17
55	Spectrogram 1	1	89.694184761	91.375732351	458.7	2207.3	1.682	1748.7	468.8	Z
56	Spectrogram 1	1	91.777518058	91.926327580	143.3	1462.0	0.149	1318.7	328.1	19
57	Spectrogram 1	1	91.970970436	92.834065659	86.0	1490.7	0.863	1404.7	328.1	17
58	Spectrogram 1	1	93.652518026	93.860851356	86.0	1519.3	0.208	1433.3	328.1	19
59	Spectrogram 1	1	93.875732308	94.649541818	86.0	1462.0	0.774	1376.0	328.1	17
60	Spectrogram 1	1	97.385554088	99.647458811	143.3	1462.0	2.262	1318.7	328.1	Z
61	Spectrogram 1	1	100.168292135	101.046268310	57.3	1519.3	0.878	1462.0	281.2	17
62	Spectrogram 1	1	102.340911145	102.519482570	86.0	1462.0	0.179	1376.0	328.1	19
63	Spectrogram 1	1	102.593887331	103.367696841	114.7	1490.7	0.774	1376.0	328.1	17
64	Spectrogram 1	1	104.773427417	107.005570236	143.3	1576.7	2.232	1433.3	328.1	Z
65	Spectrogram 1	1	107.228785929	107.452000211	86.0	1462.0	0.223	1376.0	515.6	19
66	Spectrogram 1	1	107.496643068	108.032357344	114.7	1490.7	0.536	1376.0	328.1	17
67	Spectrogram 1	1	108.850809711	110.949023960	544.7	2465.3	2.098	1920.7	890.6	Z
68	Spectrogram 1	1	111.082952529	111.797238231	57.3	1462.0	0.714	1404.7	281.2	17
69	Spectrogram 1	1	115.699179812	117.929933309	523.8	2514.2	2.231	1990.4	1921.9	Z
70	Spectrogram 1	1	118.290551664	119.006076371	0.0	1571.3	0.716	1571.3	328.1	Y
71	Spectrogram 1	1	120.247722186	120.626529383	34.9	1536.4	0.379	1501.5	328.1	17
72	Spectrogram 1	1	122.236459973	122.341684195	69.8	1536.4	0.105	1466.6	93.8	19
73	Spectrogram 1	1	122.436385994	122.752058659	104.8	1571.3	0.316	1466.6	562.5	17
74	Spectrogram 1	1	124.303671967	126.408156399	628.5	2514.2	2.104	1885.6	890.6	Z
75	Spectrogram 1	1	126.807937211	127.239484822	139.7	1501.5	0.432	1361.8	515.6	17
76	Spectrogram 1	1	128.362996708	128.444841944	174.6	1466.6	0.082	1292.0	750.0	19
77	Spectrogram 1	1	128.504365753	128.935913364	174.6	1501.5	0.432	1326.9	328.1	17
78	Spectrogram 1	1	130.041713181	130.483654912	453.9	2479.2	0.442	2025.3	1125.0	X
79	Spectrogram 1	1	130.704625777	131.188657196	453.9	2479.2	0.484	2025.3	1406.2	X
80	Spectrogram 1	1	131.293881418	131.830524948	279.4	2514.2	0.537	2234.8	1125.0	X
81	Spectrogram 1	1	131.946271592	132.356646056	279.4	2514.2	0.410	2234.8	515.6	X
82	Spectrogram 1	1	132.556572077	132.977468963	523.8	2444.3	0.421	1920.5	984.4	X
83	Spectrogram 1	1	133.556202182	134.029711179	244.4	2514.2	0.474	2269.7	515.6	X
84	Spectrogram 1	1	136.407044306	138.654068077	558.7	2479.2	2.247	1920.5	890.6	Z
85	Spectrogram 1	1	139.189782353	139.755258534	174.6	1536.4	0.565	1361.8	328.1	17
86	Spectrogram 1	1	143.222520378	143.624306086	174.6	1501.5	0.402	1326.9	328.1	17
87	Spectrogram 1	1	144.606448926	146.198710803	628.5	2549.1	1.592	1920.5	1593.8	Z
88	Spectrogram 1	1	146.585615558	146.677301516	209.5	1466.6	0.092	1257.1	656.2	19
89	Spectrogram 1	1	146.736825325	147.019563415	209.5	1466.6	0.283	1257.1	515.6	17
90	Spectrogram 1	1	147.344544116	147.850496488	663.5	2479.2	0.506	1815.8	1500.0	X
91	Spectrogram 1	1	148.056751507	148.518061023	593.6	2549.1	0.461	1955.5	1171.9	X
92	Spectrogram 1	1	148.666870544	149.187703869	279.4	2479.2	0.521	2199.9	328.1	X
93	Spectrogram 1	1	149.262108629	149.812703858	419.0	2479.2	0.551	2060.2	1125.0	X
94	Spectrogram 1	1	149.931751475	150.437703847	523.8	2479.2	0.506	1955.5	1125.0	X
95	Spectrogram 1	1	150.541870512	151.077584788	453.9	2444.3	0.536	1990.4	2156.2	X
96	Spectrogram 1	1	151.137108597	151.732346682	523.8	2514.2	0.595	1990.4	1265.6	X
97	Spectrogram 1	1	151.836513347	152.401989527	453.9	2479.2	0.565	2025.3	1406.2	X
98	Spectrogram 1	1	152.461513336	152.997227612	314.3	2479.2	0.536	2165.0	1078.1	X
99	Spectrogram 1	1	153.131156181	153.622227601	803.1	2514.2	0.491	1711.0	1359.4	X
100	Spectrogram 1	1	153.666870458	154.202584734	523.8	2479.2	0.536	1955.5	1359.4	X
101	Spectrogram 1	1	154.336513303	154.931751388	558.7	2514.2	0.595	1955.5	1312.5	X
102	Spectrogram 1	1	154.990236041	155.466426509	733.3	2514.2	0.476	1780.9	1171.9	X
103	Spectrogram 1	1	158.154578288	160.133744920	488.9	2549.1	1.979	2060.2	2203.1	Z
104	Spectrogram 1	1	162.455173451	162.931363919	593.6	2514.2	0.476	1920.5	843.8	X
105	Spectrogram 1	1	163.050411536	163.392673435	593.6	2479.2	0.342	1885.6	1078.1	X
106	Spectrogram 1	1	163.660530573	163.958149615	663.5	2514.2	0.298	1850.7	1031.2	X
107	Spectrogram 1	1	167.314905084	169.234547908	593.6	2549.1	1.920	1955.5	609.4	Z
108	Spectrogram 1	1	170.899877881	171.390949301	139.7	1501.5	0.491	1361.8	328.1	17
109	Spectrogram 1	1	172.683243977	174.349910615	663.5	2444.3	1.667	1780.9	1687.5	Z
110	Spectrogram 1	1	174.858211146	175.438568279	139.7	1501.5	0.580	1361.8	328.1	17
111	Spectrogram 1	1	177.185814319	177.840576212	104.8	1571.3	0.655	1466.6	328.1	17
112	Spectrogram 1	1	179.600501675	181.043954030	593.6	2479.2	1.443	1885.6	1593.8	Z
113	Spectrogram 1	1	181.456647578	182.081647567	174.6	1536.4	0.625	1361.8	328.1	17
114	Spectrogram 1	1	182.576692099	184.079668263	663.5	2479.2	1.503	1815.8	2250.0	Z
115	Spectrogram 1	1	184.298909433	184.417957050	139.7	1571.3	0.119	1431.7	328.1	19
116	Spectrogram 1	1	184.477480859	185.102480848	139.7	1536.4	0.625	1396.8	328.1	17
117	Spectrogram 1	1	186.263195114	186.903076055	34.9	1501.5	0.640	1466.6	328.1	17
118	Spectrogram 1	1	191.184167091	192.478809926	523.8	2409.4	1.295	1885.6	2203.1	Z
119	Spectrogram 1	1	192.714140248	192.892711674	0.0	1475.1	0.179	1475.1	0.0	19
120	Spectrogram 1	1	192.937354530	193.666521184	0.0	1435.2	0.729	1435.2	328.1	17
121	Spectrogram 1	1	195.005806875	195.154616396	39.9	1475.1	0.149	1435.2	328.1	19
122	Spectrogram 1	1	195.229021157	195.913544955	39.9	1435.2	0.685	1395.3	328.1	17
123	Spectrogram 1	1	198.431337645	200.150087615	453.9	2479.2	1.719	2025.3	796.9	Z
124	Spectrogram 1	1	200.377830591	200.601044873	79.7	1475.1	0.223	1395.3	281.2	19
125	Spectrogram 1	1	200.660568682	201.523663905	0.0	1515.0	0.863	1515.0	328.1	17
126	Spectrogram 1	1	202.520687697	202.684378170	39.9	1475.1	0.164	1435.2	46.9	19
127	Spectrogram 1	1	202.743901979	203.532592441	39.9	1435.2	0.789	1395.3	328.1	17
128	Spectrogram 1	1	206.472681251	206.636371724	0.0	1438.0	0.164	1438.0	0.0	19
129	Spectrogram 1	1	206.695895532	207.335776474	0.0	1438.0	0.640	1438.0	328.1	17
130	Spectrogram 1	1	208.415524251	209.434869471	419.0	2479.2	1.019	2060.2	2109.4	Z
131	Spectrogram 1	1	209.835776430	210.014347856	49.6	1487.6	0.179	1438.0	281.2	19
132	Spectrogram 1	1	210.058990712	210.743514510	0.0	1388.4	0.685	1388.4	328.1	17
133	Spectrogram 1	1	211.861210872	212.024901345	0.0	1487.6	0.164	1487.6	328.1	19
134	Spectrogram 1	1	212.069544201	212.649901334	0.0	1388.4	0.580	1388.4	328.1	17
135	Spectrogram 1	1	214.314430269	215.393299298	523.8	2444.3	1.079	1920.5	750.0	Z
136	Spectrogram 1	1	215.804663184	215.983234610	49.6	1438.0	0.179	1388.4	328.1	19
137	Spectrogram 1	1	216.027877466	216.727282216	0.0	1388.4	0.699	1388.4	281.2	17
138	Spectrogram 1	1	217.858234577	218.021925050	99.2	1487.6	0.164	1388.4	281.2	19
139	Spectrogram 1	1	218.096329811	218.825496465	0.0	1542.8	0.729	1542.8	328.1	17
140	Spectrogram 1	1	221.375441539	222.737048658	419.0	2444.3	1.362	2025.3	1406.2	Z
141	Spectrogram 1	1	223.290358679	223.468930104	35.1	1472.7	0.179	1437.6	328.1	19
142	Spectrogram 1	1	223.498692009	224.138572950	0.0	1507.7	0.640	1507.7	328.1	17
143	Spectrogram 1	1	225.582025306	225.790358636	35.1	1507.7	0.208	1472.7	281.2	19
144	Spectrogram 1	1	225.835001492	226.549287194	0.0	1542.8	0.714	1542.8	328.1	17
145	Spectrogram 1	1	228.342588992	229.793481824	384.1	2479.2	1.451	2095.1	1359.4	Z
146	Spectrogram 1	1	230.135596655	230.329049033	0.0	1472.7	0.193	1472.7	0.0	19
147	Spectrogram 1	1	230.358810937	231.073096639	0.0	1542.8	0.714	1542.8	328.1	17
148	Spectrogram 1	1	231.872964790	232.066417168	0.0	1396.8	0.193	1396.8	234.4	19
149	Spectrogram 1	1	232.096179072	232.765821918	0.0	1501.5	0.670	1501.5	328.1	17
150	Spectrogram 1	1	233.380397386	234.555992604	384.1	2479.2	1.176	2095.1	1359.4	Z
151	Spectrogram 1	1	234.834274263	234.959592604	0.0	1431.7	0.125	1431.7	0.0	19
152	Spectrogram 1	1	234.989354508	235.532509260	34.9	1501.5	0.543	1466.6	328.1	17
153	Spectrogram 1	1	236.112866393	236.231914010	69.8	1466.6	0.119	1396.8	234.4	19
154	Spectrogram 1	1	236.313759247	236.842033047	34.9	1466.6	0.528	1431.7	281.2	17
155	Spectrogram 1	1	238.298680887	239.950466572	349.2	2444.3	1.652	2095.1	1500.0	Z
156	Spectrogram 1	1	240.249771083	240.413461556	69.8	1501.5	0.164	1431.7	281.2	19
157	Spectrogram 1	1	240.450663937	241.060782974	0.0	1501.5	0.610	1501.5	328.1	17
158	Spectrogram 1	1	244.822458070	244.963827115	69.8	1501.5	0.141	1431.7	93.8	19
159	Spectrogram 1	1	245.001029495	245.573946152	0.0	1466.6	0.573	1466.6	281.2	17
160	Spectrogram 1	1	246.956336216	248.898300468	453.9	2479.2	1.942	2025.3	1546.9	Z
161	Spectrogram 1	1	249.298437029	249.454687026	69.8	1501.5	0.156	1431.7	281.2	19
162	Spectrogram 1	1	249.506770359	250.049925111	34.9	1431.7	0.543	1396.8	281.2	17
163	Spectrogram 1	1	250.756809692	251.128833495	488.9	2898.3	0.372	2409.4	1453.1	X
164	Spectrogram 1	1	251.462340755	251.938531223	471.4	2828.4	0.476	2357.0	2156.2	X
165	Spectrogram 1	1	252.059036872	252.520346388	349.2	3142.7	0.461	2793.5	375.0	X
166	Spectrogram 1	1	252.663237616	253.052567236	174.6	2758.6	0.389	2584.0	2015.6	X
167	Spectrogram 1	1	253.226187202	253.647084088	244.4	2688.8	0.421	2444.3	1968.8	X
168	Spectrogram 1	1	253.762830732	254.162682773	296.8	2828.4	0.400	2531.6	1687.5	X
169	Spectrogram 1	1	254.362608794	254.772983259	139.7	2479.2	0.410	2339.6	1078.1	X
170	Spectrogram 1	1	254.951864435	255.383283744	279.4	2444.3	0.431	2165.0	1406.2	X
171	Spectrogram 1	1	255.562164920	256.056718762	279.4	2479.2	0.495	2199.9	1453.1	X
172	Spectrogram 1	1	256.235599938	256.667019247	279.4	2479.2	0.431	2199.9	937.5	X
173	Spectrogram 1	1	256.836154286	257.163535233	244.4	2444.3	0.327	2199.9	375.0	X
174	Spectrogram 1	1	257.330275951	259.455805227	558.7	2479.2	2.126	1920.5	2109.4	Z
175	Spectrogram 1	1	260.066105712	260.634316508	104.8	1466.6	0.568	1361.8	328.1	17
176	Spectrogram 1	1	263.268064241	264.972696630	488.9	2653.8	1.705	2165.0	2203.1	Z
177	Spectrogram 1	1	265.239073909	265.678061996	593.6	3491.9	0.439	2898.3	609.4	X
178	Spectrogram 1	1	265.834311994	266.169133416	698.4	3457.0	0.335	2758.6	1171.9	X
179	Spectrogram 1	1	266.526276267	267.017347687	907.9	3457.0	0.491	2549.1	1171.9	X
180	Spectrogram 1	1	267.158716733	267.627466724	768.2	3491.9	0.469	2723.7	1078.1	X
181	Spectrogram 1	1	267.746514341	268.163181001	768.2	3491.9	0.417	2723.7	1171.9	X
182	Spectrogram 1	1	268.378954807	268.825383370	768.2	3491.9	0.446	2723.7	1125.0	X
183	Spectrogram 1	1	269.026276224	269.502466692	838.1	3491.9	0.476	2653.8	1171.9	X
184	Spectrogram 1	1	269.614073833	270.000978588	838.1	3457.0	0.387	2618.9	1125.0	X
185	Spectrogram 1	1	270.265501111	270.823536816	733.3	3491.9	0.558	2758.6	1171.9	X
186	Spectrogram 1	1	271.002108241	271.389012996	558.7	3526.8	0.387	2968.1	1218.8	X
187	Spectrogram 1	1	271.552703470	271.954489177	523.8	3457.0	0.402	2933.2	1265.6	X
188	Spectrogram 1	1	272.177703459	272.564608214	593.6	3457.0	0.387	2863.3	1218.8	X
189	Spectrogram 1	1	273.472346294	273.851810573	314.3	3212.5	0.379	2898.3	796.9	X
190	Spectrogram 1	1	275.874845450	278.042464414	523.8	2444.3	2.168	1920.5	703.1	Z
191	Spectrogram 1	1	279.683962270	280.167993689	69.8	1431.7	0.484	1361.8	375.0	17
192	Spectrogram 1	1	282.269685200	282.760756620	768.2	3491.9	0.491	2723.7	1031.2	X
193	Spectrogram 1	1	282.842601857	283.393197085	453.9	3422.0	0.551	2968.1	1031.2	X
194	Spectrogram 1	1	283.497363750	284.047958979	419.0	3491.9	0.551	3072.9	421.9	X
195	Spectrogram 1	1	284.189328024	284.598554207	523.8	3457.0	0.409	2933.2	1171.9	X
196	Spectrogram 1	1	284.858970869	285.387244670	803.1	3491.9	0.528	2688.8	890.6	X
197	Spectrogram 1	1	285.580697047	286.094089895	768.2	3526.8	0.513	2758.6	1125.0	X
198	Spectrogram 1	1	286.483284667	286.904181553	663.5	3491.9	0.421	2828.4	937.5	X
199	Spectrogram 1	1	286.998883352	287.482914771	593.6	3526.8	0.484	2933.2	2343.8	X
200	Spectrogram 1	1	287.724930481	288.156349789	733.3	3491.9	0.431	2758.6	984.4	X
201	Spectrogram 1	1	288.282618855	288.703515742	733.3	3491.9	0.421	2758.6	2062.5	X
202	Spectrogram 1	1	289.050755673	289.376950760	698.4	3491.9	0.326	2793.5	2250.0	X
203	Spectrogram 1	1	290.313446331	290.618596574	733.3	3596.6	0.305	2863.3	2156.2	X
204	Spectrogram 1	1	291.055400723	291.413163077	628.5	3526.8	0.358	2898.3	1921.9	X
205	Spectrogram 1	1	293.938544394	295.432728340	488.9	2479.2	1.494	1990.4	656.2	Z
206	Spectrogram 1	1	295.782618622	296.281130518	69.8	1466.6	0.499	1396.8	328.1	17
207	Spectrogram 1	1	297.635297161	297.739463826	104.8	1501.5	0.104	1396.8	328.1	19
208	Spectrogram 1	1	297.828749539	298.215654294	0.0	1431.7	0.387	1431.7	328.1	17
209	Spectrogram 1	1	299.048987613	299.421011416	314.3	2479.2	0.372	2165.0	328.1	X
210	Spectrogram 1	1	299.688868554	300.098094737	279.4	2514.2	0.409	2234.8	1078.1	X
211	Spectrogram 1	1	300.388273304	300.849582819	174.6	2444.3	0.461	2269.7	1078.1	X
212	Spectrogram 1	1	301.028154245	301.534106617	244.4	2514.2	0.506	2269.7	328.1	X
213	Spectrogram 1	1	301.742880901	302.152107085	209.5	2479.2	0.409	2269.7	1078.1	X
214	Spectrogram 1	1	302.375321367	302.888714215	209.5	2409.4	0.513	2199.9	1078.1	X
215	Spectrogram 1	1	302.948238023	303.560189514	244.4	2514.2	0.612	2269.7	984.4	X
216	Spectrogram 1	1	304.162868075	304.512570449	349.2	2444.3	0.350	2095.1	2015.6	X
217	Spectrogram 1	1	304.765546636	305.167332343	279.4	2479.2	0.402	2199.9	796.9	X
218	Spectrogram 1	1	305.435189481	305.807213284	349.2	2514.2	0.372	2165.0	750.0	X
219	Spectrogram 1	1	306.112272803	306.536379938	488.9	2584.0	0.424	2095.1	750.0	X
220	Spectrogram 1	1	306.841439457	307.191141832	523.8	2444.3	0.350	1920.5	2062.5	X
221	Spectrogram 1	1	307.390349217	308.015349206	384.1	2514.2	0.625	2130.1	2437.5	X
222	Spectrogram 1	1	311.451493970	312.872624897	453.9	2479.2	1.421	2025.3	703.1	Z
223	Spectrogram 1	1	313.230740660	313.777906612	139.7	1466.6	0.547	1326.9	328.1	Y
224	Spectrogram 1	1	314.819626406	314.945895472	34.9	1466.6	0.126	1431.7	46.9	19
225	Spectrogram 1	1	315.009030005	315.377314780	69.8	1501.5	0.368	1431.7	328.1	17
226	Spectrogram 1	1	316.405259413	317.685021296	453.9	2444.3	1.280	1990.4	796.9	Z
227	Spectrogram 1	1	318.018442741	318.544563849	104.8	1466.6	0.526	1361.8	328.1	Y
228	Spectrogram 1	1	319.628373331	320.249196239	0.0	1466.6	0.621	1466.6	281.2	Y
229	Spectrogram 1	1	323.180890528	324.579700027	663.5	2514.2	1.399	1850.7	843.8	Z
230	Spectrogram 1	1	324.753729528	325.235829386	69.8	1466.6	0.482	1396.8	281.2	17
231	Spectrogram 1	1	326.157080952	327.317795218	628.5	2479.2	1.161	1850.7	703.1	Z
232	Spectrogram 1	1	327.691894078	328.344284251	104.8	1466.6	0.652	1361.8	328.1	Y
233	Spectrogram 1	1	329.228167713	329.333391934	34.9	1501.5	0.105	1466.6	46.9	19
234	Spectrogram 1	1	329.375481623	329.933169997	0.0	1466.6	0.558	1466.6	281.2	17
235	Spectrogram 1	1	331.008271344	332.109461801	523.8	2549.1	1.101	2025.3	703.1	Z
236	Spectrogram 1	1	332.344283381	333.017718399	0.0	1431.7	0.673	1431.7	328.1	Y
237	Spectrogram 1	1	334.027870926	334.154139992	0.0	1466.6	0.126	1466.6	281.2	19
238	Spectrogram 1	1	334.175184836	334.743395633	0.0	1431.7	0.568	1431.7	281.2	17
239	Spectrogram 1	1	337.889112089	339.883159674	384.1	2409.4	1.994	2025.3	656.2	Z
240	Spectrogram 1	1	341.210404031	341.359213552	34.9	1501.5	0.149	1466.6	46.9	19
241	Spectrogram 1	1	341.418737361	342.147904015	69.8	1501.5	0.729	1431.7	93.8	17
242	Spectrogram 1	1	343.708324562	344.333324551	104.8	1431.7	0.625	1326.9	281.2	17
243	Spectrogram 1	1	345.201442376	346.793704254	384.1	2479.2	1.592	2095.1	656.2	Z
244	Spectrogram 1	1	347.113156508	347.807636370	69.8	1466.6	0.694	1396.8	281.2	Y
245	Spectrogram 1	1	348.901968274	349.028237340	69.8	1466.6	0.126	1396.8	93.8	19
246	Spectrogram 1	1	349.070327029	349.628015403	34.9	1431.7	0.558	1396.8	281.2	17
247	Spectrogram 1	1	350.496694733	351.687170903	558.7	2479.2	1.190	1920.5	796.9	Z
248	Spectrogram 1	1	352.032375978	352.508566446	139.7	1536.4	0.476	1396.8	140.6	X
249	Spectrogram 1	1	352.657375967	353.014518818	104.8	1536.4	0.357	1431.7	140.6	X
250	Spectrogram 1	1	353.297256908	353.847852137	209.5	1536.4	0.551	1326.9	281.2	X
251	Spectrogram 1	1	353.966899754	354.487733078	174.6	1536.4	0.521	1361.8	1125.0	X
252	Spectrogram 1	1	354.606780695	355.053209259	209.5	1536.4	0.446	1326.9	421.9	X
253	Spectrogram 1	1	355.142494972	355.693090200	349.2	1536.4	0.551	1187.2	1078.1	X
254	Spectrogram 1	1	355.767494961	356.318090189	209.5	1536.4	0.551	1326.9	1078.1	X
255	Spectrogram 1	1	356.392494950	356.883566370	209.5	1571.3	0.491	1361.8	1078.1	X
256	Spectrogram 1	1	357.032375891	357.493685407	104.8	1536.4	0.461	1431.7	281.2	X
257	Spectrogram 1	1	357.642494928	358.222852061	104.8	1536.4	0.580	1431.7	468.8	X
258	Spectrogram 1	1	358.773447289	361.288328198	523.8	2479.2	2.515	1955.5	1265.6	Z
259	Spectrogram 1	1	367.326309937	369.677500372	488.9	2514.2	2.351	2025.3	656.2	Z
260	Spectrogram 1	1	370.062040638	370.538231106	69.8	1466.6	0.476	1396.8	375.0	17
261	Spectrogram 1	1	371.535254898	372.026326318	34.9	1501.5	0.491	1466.6	375.0	17
262	Spectrogram 1	1	373.931088190	374.615611987	34.9	1501.5	0.685	1466.6	46.9	17
263	Spectrogram 1	1	378.754102640	380.584459751	558.7	2514.2	1.830	1955.5	843.8	Z
264	Spectrogram 1	1	380.925135687	381.401326155	34.9	1466.6	0.476	1431.7	328.1	17
265	Spectrogram 1	1	382.130492809	382.651326134	0.0	1466.6	0.521	1466.6	281.2	17
266	Spectrogram 1	1	385.085711869	385.413092816	69.8	1501.5	0.327	1431.7	468.8	17
267	Spectrogram 1	1	385.889283284	387.347616592	436.5	2514.2	1.458	2077.7	1453.1	Z
268	Spectrogram 1	1	387.652440211	388.292321152	69.8	1536.4	0.640	1466.6	281.2	Y
269	Spectrogram 1	1	388.539754594	389.373087913	69.8	1501.5	0.833	1431.7	468.8	Y
270	Spectrogram 1	1	389.929225886	391.387559194	628.5	2479.2	1.458	1850.7	1359.4	Z
271	Spectrogram 1	1	391.620113410	392.245113399	34.9	1536.4	0.625	1501.5	468.8	Y
272	Spectrogram 1	1	392.602256250	393.554637186	104.8	1536.4	0.952	1431.7	468.8	Y
273	Spectrogram 1	1	396.452699420	396.958651792	69.8	1536.4	0.506	1466.6	468.8	17
274	Spectrogram 1	1	397.548273372	398.723868590	488.9	2514.2	1.176	2025.3	1593.8	Z
275	Spectrogram 1	1	398.937818425	399.711627935	34.9	1536.4	0.774	1501.5	515.6	Y
276	Spectrogram 1	1	400.098532690	401.140199339	453.9	2479.2	1.042	2025.3	796.9	Z
277	Spectrogram 1	1	401.303889812	402.047937418	0.0	1466.6	0.744	1466.6	515.6	Y
278	Spectrogram 1	1	402.702699312	402.836627881	0.0	1466.6	0.134	1466.6	328.1	19
279	Spectrogram 1	1	402.881270737	403.536032630	0.0	1501.5	0.655	1501.5	328.1	17
280	Spectrogram 1	1	406.282687502	406.431497023	0.0	1501.5	0.149	1501.5	0.0	19
281	Spectrogram 1	1	406.491020832	407.190425582	34.9	1501.5	0.699	1466.6	328.1	17
282	Spectrogram 1	1	408.089745430	409.429031121	523.8	2479.2	1.339	1955.5	703.1	Z
283	Spectrogram 1	1	409.617121337	409.840335619	69.8	1501.5	0.223	1431.7	328.1	19
284	Spectrogram 1	1	409.862657047	410.383490372	34.9	1466.6	0.521	1431.7	281.2	17
285	Spectrogram 1	1	410.874561792	411.008490361	0.0	1466.6	0.134	1466.6	328.1	19
286	Spectrogram 1	1	411.053133217	411.715335587	0.0	1501.5	0.662	1501.5	328.1	17
287	Spectrogram 1	1	412.250489000	413.455846122	453.9	2514.2	1.205	2060.2	1500.0	Z
288	Spectrogram 1	1	413.639084271	413.839977125	104.8	1466.6	0.201	1361.8	281.2	19
289	Spectrogram 1	1	413.854858077	414.442655686	0.0	1466.6	0.588	1466.6	328.1	17
290	Spectrogram 1	1	415.021309190	415.184999663	0.0	1501.5	0.164	1501.5	281.2	19
291	Spectrogram 1	1	415.244523472	415.929047269	0.0	1501.5	0.685	1501.5	328.1	17
292	Spectrogram 1	1	418.942440074	419.068928167	69.8	1501.5	0.126	1431.7	328.1	19
293	Spectrogram 1	1	419.121011500	419.731130537	69.8	1501.5	0.610	1431.7	328.1	17
294	Spectrogram 1	1	421.119536465	422.235607874	349.2	2479.2	1.116	2130.1	1500.0	Z
295	Spectrogram 1	1	422.446903522	422.662677328	0.0	1466.6	0.216	1466.6	0.0	19
296	Spectrogram 1	1	422.744522565	423.406724934	0.0	1501.5	0.662	1501.5	328.1	17
297	Spectrogram 1	1	424.247498729	424.426070155	0.0	1501.5	0.179	1501.5	281.2	19
298	Spectrogram 1	1	424.478153487	425.110593952	34.9	1466.6	0.632	1431.7	328.1	17
299	Spectrogram 1	1	426.234105838	426.397796311	0.0	1536.4	0.164	1536.4	328.1	19
300	Spectrogram 1	1	426.434998691	427.052558204	34.9	1501.5	0.618	1466.6	328.1	17
301	Spectrogram 1	1	427.592753036	428.842753014	558.7	2514.2	1.250	1955.5	609.4	Z
302	Spectrogram 1	1	429.101422421	429.257672419	69.8	1536.4	0.156	1466.6	328.1	19
303	Spectrogram 1	1	429.294874799	429.808267647	0.0	1466.6	0.513	1466.6	328.1	17
304	Spectrogram 1	1	430.425827160	430.567196205	139.7	1501.5	0.141	1361.8	281.2	19
305	Spectrogram 1	1	430.626720014	431.266600955	69.8	1466.6	0.640	1396.8	328.1	17
306	Spectrogram 1	1	433.751719341	433.900528863	34.9	1466.6	0.149	1431.7	281.2	19
307	Spectrogram 1	1	433.974933623	434.696659801	0.0	1466.6	0.722	1466.6	328.1	17
308	Spectrogram 1	1	436.465587706	437.834635301	384.1	2514.2	1.369	2130.1	1125.0	Z
309	Spectrogram 1	1	438.024955451	438.218407828	34.9	1466.6	0.193	1431.7	281.2	19
310	Spectrogram 1	1	438.292812589	438.969895911	0.0	1501.5	0.677	1501.5	281.2	17
311	Spectrogram 1	1	439.780907271	439.959478697	69.8	1501.5	0.179	1431.7	281.2	19
312	Spectrogram 1	1	440.019002505	440.673764398	0.0	1466.6	0.655	1466.6	281.2	17
313	Spectrogram 1	1	441.227492385	442.417968555	384.1	2479.2	1.190	2095.1	796.9	Z
314	Spectrogram 1	1	442.705014134	442.876145084	69.8	1396.8	0.171	1326.9	281.2	19
315	Spectrogram 1	1	442.898466512	443.508585549	0.0	1466.6	0.610	1466.6	328.1	17
316	Spectrogram 1	1	444.148466490	444.297276011	34.9	1466.6	0.149	1431.7	328.1	19
317	Spectrogram 1	1	444.356799820	444.981799809	0.0	1501.5	0.625	1501.5	281.2	17
318	Spectrogram 1	1	445.473131869	447.288608028	384.1	2549.1	1.815	2165.0	796.9	Z
319	Spectrogram 1	1	447.507001461	448.451941921	0.0	1466.6	0.945	1466.6	281.2	Y
320	Spectrogram 1	1	451.286763300	451.465334726	0.0	1501.5	0.179	1501.5	0.0	19
321	Spectrogram 1	1	451.524858534	452.291227569	34.9	1501.5	0.766	1466.6	281.2	17
322	Spectrogram 1	1	454.065364477	455.702269211	349.2	2514.2	1.637	2165.0	796.9	Z
323	Spectrogram 1	1	455.987734512	456.129103557	0.0	1466.6	0.141	1466.6	0.0	19
324	Spectrogram 1	1	456.158865461	456.754103546	0.0	1431.7	0.595	1431.7	281.2	17
325	Spectrogram 1	1	457.423746392	457.602317817	34.9	1466.6	0.179	1431.7	46.9	19
326	Spectrogram 1	1	457.699044006	458.487734469	0.0	1466.6	0.789	1466.6	281.2	17
327	Spectrogram 1	1	461.520721491	463.187388128	453.9	2479.2	1.667	2025.3	750.0	Z
328	Spectrogram 1	1	463.477106276	463.648237225	0.0	1466.6	0.171	1466.6	0.0	19
329	Spectrogram 1	1	463.692880081	464.459249116	34.9	1466.6	0.766	1431.7	281.2	17
330	Spectrogram 1	1	465.456272908	465.590201477	69.8	1501.5	0.134	1431.7	468.8	19
331	Spectrogram 1	1	465.634843777	466.408653287	0.0	1501.5	0.774	1501.5	281.2	17
332	Spectrogram 1	1	469.600617517	470.404188932	0.0	1501.5	0.804	1501.5	281.2	17
333	Spectrogram 1	1	470.896954908	472.790990896	523.8	2479.2	1.894	1955.5	1312.5	Z
334	Spectrogram 1	1	473.082759918	473.737521812	104.8	1466.6	0.655	1361.8	281.2	17
335	Spectrogram 1	1	474.555974178	474.704783700	69.8	1501.5	0.149	1431.7	375.0	19
336	Spectrogram 1	1	474.734545604	475.240497976	34.9	1536.4	0.506	1501.5	328.1	17
337	Spectrogram 1	1	478.346829795	480.914300801	558.7	2479.2	2.567	1920.5	796.9	Z
338	Spectrogram 1	1	481.308231192	481.962993086	34.9	1501.5	0.655	1466.6	328.1	17
339	Spectrogram 1	1	484.998707319	485.757635877	69.8	1501.5	0.759	1431.7	281.2	17
340	Spectrogram 1	1	487.059395340	488.995521017	523.8	2444.3	1.936	1920.5	796.9	Z
341	Spectrogram 1	1	489.329068223	490.043353925	0.0	1501.5	0.714	1501.5	281.2	17
342	Spectrogram 1	1	491.129663429	492.111806270	34.9	1501.5	0.982	1466.6	281.2	Y
343	Spectrogram 1	1	493.691583034	495.711888088	523.8	2514.2	2.020	1990.4	796.9	Z
344	Spectrogram 1	1	495.891568109	496.784425236	69.8	1536.4	0.893	1466.6	328.1	Y
345	Spectrogram 1	1	497.395475633	499.331601309	453.9	2479.2	1.936	2025.3	1500.0	Z
346	Spectrogram 1	1	499.626690640	500.221928725	34.9	1466.6	0.595	1431.7	328.1	17
347	Spectrogram 1	1	501.099904900	501.263595373	139.7	1466.6	0.164	1326.9	609.4	19
348	Spectrogram 1	1	501.308238230	502.022523932	34.9	1536.4	0.714	1501.5	328.1	17
349	Spectrogram 1	1	505.645054603	507.454911214	593.6	2514.2	1.810	1920.5	1453.1	Z
350	Spectrogram 1	1	507.870738116	508.525500009	34.9	1501.5	0.655	1466.6	328.1	17
351	Spectrogram 1	1	509.805263330	510.579072841	0.0	1501.5	0.774	1501.5	328.1	17
352	Spectrogram 1	1	512.211394835	514.189610201	523.8	2514.2	1.978	1990.4	1078.1	Z
353	Spectrogram 1	1	514.463002975	515.162407725	34.9	1466.6	0.699	1431.7	328.1	17
354	Spectrogram 1	1	515.999466812	517.935592488	453.9	2514.2	1.936	2060.2	750.0	Z
355	Spectrogram 1	1	518.198121958	519.046336229	0.0	1466.6	0.848	1466.6	281.2	17
356	Spectrogram 1	1	519.879669548	520.727883819	34.9	1466.6	0.848	1431.7	328.1	17
357	Spectrogram 1	1	523.770285063	525.790590117	384.1	2479.2	2.020	2095.1	1406.2	Z
358	Spectrogram 1	1	526.205014951	527.097872078	0.0	1466.6	0.893	1466.6	281.2	17
359	Spectrogram 1	1	527.901443493	528.050253014	0.0	1501.5	0.149	1501.5	562.5	19
360	Spectrogram 1	1	528.109776823	528.853824429	69.8	1466.6	0.744	1396.8	234.4	17
361	Spectrogram 1	1	529.368213650	531.472698081	488.9	2479.2	2.104	1990.4	1312.5	Z
362	Spectrogram 1	1	531.645392005	532.582891989	0.0	1466.6	0.937	1466.6	234.4	Y
363	Spectrogram 1	1	533.164297497	534.964892704	384.1	2444.3	1.801	2060.2	1968.8	Z
364	Spectrogram 1	1	535.142428086	536.198975687	0.0	1466.6	1.057	1466.6	234.4	Y
365	Spectrogram 1	1	539.290246725	540.123580043	34.9	1466.6	0.833	1431.7	281.2	17
366	Spectrogram 1	1	542.132508580	544.186079973	453.9	2444.3	2.054	1990.4	1875.0	Z
367	Spectrogram 1	1	544.364651398	545.317032334	69.8	1536.4	0.952	1466.6	234.4	Y
368	Spectrogram 1	1	546.239651366	547.028341828	34.9	1501.5	0.789	1466.6	281.2	17
369	Spectrogram 1	1	547.720070203	550.011736830	558.7	2479.2	2.292	1920.5	703.1	Z
370	Spectrogram 1	1	550.236269336	551.054721702	69.8	1501.5	0.818	1431.7	234.4	Y
371	Spectrogram 1	1	551.708165372	553.687332004	453.9	2479.2	1.979	2025.3	1875.0	Z
372	Spectrogram 1	1	553.882102606	554.611269260	69.8	1501.5	0.729	1431.7	281.2	Y
373	Spectrogram 1	1	558.284497835	559.013664489	34.9	1466.6	0.729	1431.7	46.9	17
374	Spectrogram 1	1	560.548027510	562.720646520	419.0	2479.2	2.173	2060.2	1546.9	Z
375	Spectrogram 1	1	563.190172108	563.785410192	0.0	1501.5	0.595	1501.5	0.0	17
376	Spectrogram 1	1	565.050291123	565.928267298	34.9	1501.5	0.878	1466.6	281.2	Y
377	Spectrogram 1	1	567.330056855	568.996723492	419.0	2479.2	1.667	2060.2	2015.6	Z
378	Spectrogram 1	1	569.378281591	570.077686341	34.9	1536.4	0.699	1501.5	46.9	Y
379	Spectrogram 1	1	570.633628226	572.330056768	384.1	2409.4	1.696	2025.3	1453.1	Z
380	Spectrogram 1	1	572.676210566	572.810139135	174.6	1466.6	0.134	1292.0	515.6	19
381	Spectrogram 1	1	572.832460563	573.323531983	34.9	1466.6	0.491	1431.7	281.2	17
382	Spectrogram 1	1	576.011799088	576.368941939	34.9	1431.7	0.357	1396.8	46.9	17
383	Spectrogram 1	1	577.460300427	579.618038485	488.9	2514.2	2.158	2025.3	750.0	Z
384	Spectrogram 1	1	579.962838862	580.558076947	0.0	1571.3	0.595	1571.3	281.2	17
385	Spectrogram 1	1	581.540219787	581.666707880	34.9	1536.4	0.126	1501.5	46.9	19
386	Spectrogram 1	1	581.703910260	582.269386441	34.9	1501.5	0.565	1466.6	281.2	17
387	Spectrogram 1	1	585.165218652	587.471766231	558.7	2549.1	2.307	1990.4	2109.4	Z
388	Spectrogram 1	1	587.822236830	588.320748726	69.8	1501.5	0.499	1431.7	281.2	17
389	Spectrogram 1	1	588.751528113	590.552123320	558.7	2514.2	1.801	1955.5	796.9	Z
390	Spectrogram 1	1	590.828483128	591.475804546	34.9	1431.7	0.647	1396.8	328.1	Y
391	Spectrogram 1	1	592.510030718	592.614197383	104.8	1466.6	0.104	1361.8	562.5	19
392	Spectrogram 1	1	592.688602144	593.358244989	34.9	1431.7	0.670	1396.8	281.2	17
393	Spectrogram 1	1	597.524931714	598.998145974	488.9	2479.2	1.473	1990.4	1359.4	Z
394	Spectrogram 1	1	599.233180432	599.954906610	104.8	1501.5	0.722	1396.8	281.2	Y
395	Spectrogram 1	1	600.425078127	601.761425741	630.7	2465.3	1.336	1834.7	796.9	Z
396	Spectrogram 1	1	602.045900817	602.624634036	81.1	1418.9	0.579	1337.8	281.2	Y
397	Spectrogram 1	1	603.497995075	603.613741718	121.6	1500.0	0.116	1378.4	281.2	19
398	Spectrogram 1	1	603.676876251	604.308221581	86.0	1540.5	0.631	1454.5	328.1	17
399	Spectrogram 1	1	605.465688018	605.570912239	162.2	1540.5	0.105	1378.4	843.8	19
400	Spectrogram 1	1	605.665614039	606.265392102	114.7	1462.0	0.600	1347.3	515.6	17
401	Spectrogram 1	1	606.948979864	608.432641388	487.3	2465.3	1.484	1978.0	796.9	Z
402	Spectrogram 1	1	608.706594042	608.843385530	86.0	1490.7	0.137	1404.7	562.5	19
403	Spectrogram 1	1	608.864430374	609.253759994	114.7	1462.0	0.389	1347.3	281.2	17
404	Spectrogram 1	1	610.277040963	610.424354873	143.3	1462.0	0.147	1318.7	562.5	19
405	Spectrogram 1	1	610.519056672	611.245103801	114.7	1490.7	0.726	1376.0	281.2	17
406	Spectrogram 1	1	614.559666780	615.264669065	86.0	1490.7	0.705	1404.7	281.2	Y
407	Spectrogram 1	1	616.135047746	617.471395360	602.0	2465.3	1.336	1863.3	796.9	Z
408	Spectrogram 1	1	617.760682905	617.950086504	0.0	1490.7	0.189	1490.7	281.2	19
409	Spectrogram 1	1	617.971131348	618.570909411	86.0	1462.0	0.600	1376.0	281.2	17
410	Spectrogram 1	1	619.654718893	619.833600070	143.3	1490.7	0.179	1347.3	562.5	19
411	Spectrogram 1	1	619.865167336	620.380766022	86.0	1462.0	0.516	1376.0	281.2	17
412	Spectrogram 1	1	621.822337857	622.285324432	86.0	1433.3	0.463	1347.3	328.1	17
413	Spectrogram 1	1	622.943051335	624.310966215	602.0	2494.0	1.368	1892.0	843.8	Z
414	Spectrogram 1	1	624.526597577	624.737046020	143.3	1490.7	0.210	1347.3	281.2	19
415	Spectrogram 1	1	624.768613287	625.368391350	86.0	1519.3	0.600	1433.3	281.2	17
416	Spectrogram 1	1	626.252274811	626.389066299	57.3	1462.0	0.137	1404.7	281.2	19
417	Spectrogram 1	1	626.410111143	627.073023739	86.0	1462.0	0.663	1376.0	328.1	17
418	Spectrogram 1	1	630.276666934	631.392043682	458.7	2465.3	1.115	2006.7	1968.8	Z
419	Spectrogram 1	1	631.697933280	631.866292034	57.3	1462.0	0.168	1404.7	281.2	19
420	Spectrogram 1	1	631.929426567	632.592339163	57.3	1490.7	0.663	1433.3	281.2	17
421	Spectrogram 1	1	633.549879579	633.728760756	57.3	1490.7	0.179	1433.3	281.2	19
422	Spectrogram 1	1	633.770850445	634.391673352	86.0	1490.7	0.621	1404.7	281.2	17
423	Spectrogram 1	1	635.779893721	636.916315314	516.0	2465.3	1.136	1949.3	1546.9	Z
424	Spectrogram 1	1	637.222204912	637.390563667	28.7	1519.3	0.168	1490.7	281.2	19
425	Spectrogram 1	1	637.411608511	638.190267750	86.0	1433.3	0.779	1347.3	234.4	17
426	Spectrogram 1	1	638.916307932	639.116233953	143.3	1490.7	0.200	1347.3	234.4	19
427	Spectrogram 1	1	639.126756375	639.737056860	114.7	1462.0	0.610	1347.3	281.2	17
428	Spectrogram 1	1	640.292624092	641.408000840	516.0	2522.7	1.115	2006.7	796.9	Z
429	Spectrogram 1	1	641.662660114	641.894153402	114.7	1490.7	0.231	1376.0	234.4	19
430	Spectrogram 1	1	641.925720668	642.493931465	86.0	1490.7	0.568	1404.7	281.2	17
431	Spectrogram 1	1	643.114754372	643.293635549	114.7	1462.0	0.179	1347.3	234.4	19
432	Spectrogram 1	1	643.325202815	644.051249944	114.7	1490.7	0.726	1376.0	234.4	17
433	Spectrogram 1	1	646.071554998	646.218868908	114.7	1490.7	0.147	1376.0	562.5	19
434	Spectrogram 1	1	646.271481019	646.713422749	114.7	1462.0	0.442	1347.3	234.4	17
435	Spectrogram 1	1	647.258462185	648.447495888	544.7	2494.0	1.189	1949.3	1593.8	Z
436	Spectrogram 1	1	648.712680041	648.954695751	114.7	1490.7	0.242	1376.0	281.2	19
437	Spectrogram 1	1	648.965218173	649.438727170	86.0	1462.0	0.474	1376.0	281.2	17
438	Spectrogram 1	1	650.017460389	650.196341565	114.7	1490.7	0.179	1376.0	234.4	19
439	Spectrogram 1	1	650.206863988	650.606716029	114.7	1490.7	0.400	1376.0	281.2	17
440	Spectrogram 1	1	651.038135338	651.164404404	100.3	1462.0	0.126	1361.7	281.2	19
441	Spectrogram 1	1	651.206494092	651.595823712	143.3	1490.7	0.389	1347.3	234.4	17
442	Spectrogram 1	1	652.151388487	653.656094856	573.3	2494.0	1.505	1920.7	1828.1	Z
443	Spectrogram 1	1	654.015980808	654.152772296	143.3	1462.0	0.137	1318.7	515.6	19
444	Spectrogram 1	1	654.194861985	654.847252158	86.0	1490.7	0.652	1404.7	328.1	17
445	Spectrogram 1	1	658.919425645	659.498158864	114.7	1490.7	0.579	1376.0	281.2	17
446	Spectrogram 1	1	661.155458357	662.533895659	516.0	2494.0	1.378	1978.0	796.9	Z
447	Spectrogram 1	1	662.761800423	662.961726444	86.0	1462.0	0.200	1376.0	234.4	19
448	Spectrogram 1	1	663.024860977	663.561504507	114.7	1490.7	0.537	1376.0	281.2	17
449	Spectrogram 1	1	664.308596480	664.508522501	143.3	1490.7	0.200	1347.3	281.2	19
450	Spectrogram 1	1	664.529567345	664.939941809	114.7	1490.7	0.410	1376.0	281.2	17
451	Spectrogram 1	1	666.476215444	666.791888109	86.0	1462.0	0.316	1376.0	468.8	17
452	Spectrogram 1	1	667.468906275	668.700029667	487.3	2465.3	1.231	1978.0	703.1	Z
453	Spectrogram 1	1	668.970029495	669.191000361	86.0	1462.0	0.221	1376.0	234.4	19
454	Spectrogram 1	1	669.233090049	669.653986936	86.0	1433.3	0.421	1347.3	234.4	17
455	Spectrogram 1	1	670.306377109	670.506303130	86.0	1462.0	0.200	1376.0	234.4	19
456	Spectrogram 1	1	670.527347975	670.885110328	57.3	1490.7	0.358	1433.3	281.2	17
457	Spectrogram 1	1	674.382134972	676.707590268	487.3	2436.7	2.325	1949.3	1546.9	Z
458	Spectrogram 1	1	677.009637952	677.177996707	114.7	1490.7	0.168	1376.0	1218.8	19
459	Spectrogram 1	1	677.220086395	677.819864458	86.0	1462.0	0.600	1376.0	281.2	17
460	Spectrogram 1	1	680.829277195	681.555324324	86.0	1519.3	0.726	1433.3	234.4	Y
461	Spectrogram 1	1	682.779024879	684.473134846	573.3	2494.0	1.694	1920.7	2015.6	Z
462	Spectrogram 1	1	684.817275192	685.327612667	114.7	1462.0	0.510	1347.3	281.2	Y
463	Spectrogram 1	1	685.556432486	685.798448196	831.3	2494.0	0.242	1662.7	1312.5	X
464	Spectrogram 1	1	685.998374217	686.261434771	544.7	2465.3	0.263	1920.7	1078.1	X
465	Spectrogram 1	1	686.713898923	687.166363076	315.3	2494.0	0.452	2178.7	1406.2	X
466	Spectrogram 1	1	687.324199409	687.860842939	544.7	2494.0	0.537	1949.3	1218.8	X
467	Spectrogram 1	1	687.955544738	688.386964046	229.3	2494.0	0.431	2264.7	1031.2	X
468	Spectrogram 1	1	688.576367645	689.102488753	430.0	2465.3	0.526	2035.3	1359.4	X
469	Spectrogram 1	1	689.155100864	689.618087439	372.7	2494.0	0.463	2121.3	1359.4	X
470	Spectrogram 1	1	689.807491037	690.344134567	602.0	2465.3	0.537	1863.3	1171.9	X
471	Spectrogram 1	1	690.386224256	690.817643564	487.3	2494.0	0.431	2006.7	1171.9	X
472	Spectrogram 1	1	690.996524741	691.522645849	544.7	2494.0	0.526	1949.3	1125.0	X
473	Spectrogram 1	1	691.596302804	692.206603289	487.3	2494.0	0.610	2006.7	937.5	X
474	Spectrogram 1	1	692.301305089	692.837948618	344.0	2465.3	0.537	2121.3	1031.2	X
475	Spectrogram 1	1	692.932650418	693.437726681	458.7	2494.0	0.505	2035.3	1031.2	X
476	Spectrogram 1	1	693.627128165	694.205861383	688.0	2465.3	0.579	1777.3	2015.6	X
477	Spectrogram 1	1	696.573403851	698.530574372	544.7	2465.3	1.957	1920.7	750.0	Z
478	Spectrogram 1	1	701.508419843	702.002973684	172.0	1490.7	0.495	1318.7	281.2	17
479	Spectrogram 1	1	703.277020728	704.971130695	487.3	2522.7	1.694	2035.3	1640.6	Z
480	Spectrogram 1	1	705.529188747	705.844861412	172.0	1490.7	0.316	1318.7	468.8	17
481	Spectrogram 1	1	707.685915612	709.432637690	602.0	2465.3	1.747	1863.3	1640.6	Z
482	Spectrogram 1	1	709.862919120	710.279585779	114.7	1576.7	0.417	1462.0	281.2	17
483	Spectrogram 1	1	711.182317188	711.666348607	200.7	1490.7	0.484	1290.0	515.6	17
484	Spectrogram 1	1	714.812552832	715.265016985	172.0	1490.7	0.452	1318.7	515.6	17
485	Spectrogram 1	1	716.218580923	718.091572067	544.7	2522.7	1.873	1978.0	1640.6	Z
486	Spectrogram 1	1	718.526967853	719.053088961	114.7	1490.7	0.526	1376.0	328.1	17
487	Spectrogram 1	1	720.210550564	720.568312918	172.0	1490.7	0.358	1318.7	515.6	17
488	Spectrogram 1	1	723.531662034	725.015323558	516.0	2436.7	1.484	1920.7	750.0	Z
489	Spectrogram 1	1	725.513851331	726.008405173	172.0	1519.3	0.495	1347.3	375.0	17
490	Spectrogram 1	1	726.934378322	727.071169810	200.7	1490.7	0.137	1290.0	515.6	19
491	Spectrogram 1	1	727.092214655	727.618335763	114.7	1519.3	0.526	1404.7	328.1	17
492	Spectrogram 1	1	731.082543803	731.703366710	143.3	1519.3	0.621	1376.0	328.1	17
493	Spectrogram 1	1	733.138628801	734.517066104	544.7	2465.3	1.378	1920.7	796.9	Z
494	Spectrogram 1	1	734.849570935	734.996884845	258.0	1519.3	0.147	1261.3	656.2	19
495	Spectrogram 1	1	735.038974534	735.638752597	143.3	1490.7	0.600	1347.3	328.1	17
496	Spectrogram 1	1	737.059279588	737.806371561	114.7	1433.3	0.747	1318.7	328.1	17
497	Spectrogram 1	1	740.984140961	741.141977293	229.3	1490.7	0.158	1261.3	468.8	19
498	Spectrogram 1	1	741.215634248	741.952203799	114.7	1462.0	0.737	1347.3	328.1	17
499	Spectrogram 1	1	743.345373603	744.965826615	516.0	2465.3	1.620	1949.3	750.0	Z
500	Spectrogram 1	1	745.256244356	746.140127818	172.0	1519.3	0.884	1347.3	234.4	Y
501	Spectrogram 1	1	747.476475431	747.634311764	229.3	1462.0	0.158	1232.7	515.6	19
502	Spectrogram 1	1	747.676401452	748.360358893	143.3	1462.0	0.684	1318.7	234.4	17
503	Spectrogram 1	1	749.753526263	751.026739344	458.7	2436.7	1.273	1978.0	703.1	Z
504	Spectrogram 1	1	751.306634716	751.474993471	114.7	1519.3	0.168	1404.7	328.1	19
505	Spectrogram 1	1	751.548650426	752.337832087	86.0	1490.7	0.789	1404.7	281.2	17
506	Spectrogram 1	1	752.927087728	753.105968905	200.7	1462.0	0.179	1261.3	375.0	19
507	Spectrogram 1	1	753.158581016	753.863583300	86.0	1490.7	0.705	1404.7	328.1	17
508	Spectrogram 1	1	755.530335281	756.645712029	487.3	2465.3	1.115	1978.0	703.1	Z
509	Spectrogram 1	1	756.967697836	757.157101435	143.3	1548.0	0.189	1404.7	234.4	19
510	Spectrogram 1	1	757.178146279	757.883148564	143.3	1490.7	0.705	1347.3	281.2	17
511	Spectrogram 1	1	758.535538738	758.735464759	143.3	1519.3	0.200	1376.0	234.4	19
512	Spectrogram 1	1	758.756509603	759.514123998	143.3	1490.7	0.758	1347.3	281.2	17
513	Spectrogram 1	1	760.139155296	761.422890800	458.7	2465.3	1.284	2006.7	1500.0	Z
514	Spectrogram 1	1	761.772670983	761.962074581	143.3	1548.0	0.189	1404.7	281.2	19
515	Spectrogram 1	1	762.004164270	762.740733821	143.3	1462.0	0.737	1318.7	281.2	17
516	Spectrogram 1	1	763.572005171	763.761408770	143.3	1519.3	0.189	1376.0	234.4	19
517	Spectrogram 1	1	763.792976037	764.487455899	143.3	1519.3	0.694	1376.0	328.1	17
518	Spectrogram 1	1	767.949332788	768.128213965	143.3	1519.3	0.179	1376.0	328.1	19
519	Spectrogram 1	1	768.159781232	768.938440471	143.3	1462.0	0.779	1318.7	234.4	17
520	Spectrogram 1	1	770.766799639	772.208371474	344.0	2465.3	1.442	2121.3	1921.9	Z
521	Spectrogram 1	1	772.558149686	772.789642973	86.0	1490.7	0.231	1404.7	234.4	19
522	Spectrogram 1	1	772.821210239	773.641959168	114.7	1490.7	0.821	1376.0	281.2	17
523	Spectrogram 1	1	774.378528719	774.578454740	114.7	1519.3	0.200	1404.7	234.4	19
524	Spectrogram 1	1	774.662634117	775.451815779	114.7	1519.3	0.789	1404.7	234.4	17
525	Spectrogram 1	1	776.080621796	777.301222766	487.3	2494.0	1.221	2006.7	1406.2	Z
526	Spectrogram 1	1	777.577345054	777.808838342	86.0	1519.3	0.231	1433.3	234.4	19
527	Spectrogram 1	1	777.871972875	778.545407893	172.0	1519.3	0.673	1347.3	328.1	17
528	Spectrogram 1	1	779.418768932	779.566082842	114.7	1490.7	0.147	1376.0	234.4	19
529	Spectrogram 1	1	779.597650108	780.092203950	143.3	1519.3	0.495	1376.0	234.4	17
530	Spectrogram 1	1	783.754005426	783.974976291	114.7	1519.3	0.221	1404.7	234.4	19
531	Spectrogram 1	1	784.038110824	784.837814908	86.0	1519.3	0.800	1433.3	234.4	17
532	Spectrogram 1	1	786.119010840	787.213342745	372.7	2436.7	1.094	2064.0	796.9	Z
533	Spectrogram 1	1	787.436853181	787.689391312	86.0	1490.7	0.253	1404.7	234.4	19
534	Spectrogram 1	1	787.773570690	788.468050552	114.7	1519.3	0.694	1404.7	234.4	17
535	Spectrogram 1	1	789.025738926	789.236187369	86.0	1519.3	0.210	1433.3	234.4	19
536	Spectrogram 1	1	789.309844324	790.004324187	114.7	1519.3	0.694	1404.7	281.2	17
537	Spectrogram 1	1	790.464770216	791.653803920	516.0	2465.3	1.189	1949.3	562.5	Z
538	Spectrogram 1	1	791.866792908	792.087763774	143.3	1519.3	0.221	1376.0	234.4	19
539	Spectrogram 1	1	792.171943151	792.992692079	114.7	1490.7	0.821	1376.0	281.2	17
540	Spectrogram 1	1	793.602991159	793.813439602	86.0	1519.3	0.210	1433.3	234.4	19
541	Spectrogram 1	1	793.866051713	794.528964309	86.0	1519.3	0.663	1433.3	328.1	17
542	Spectrogram 1	1	798.075020575	798.243379330	172.0	1490.7	0.168	1318.7	468.8	19
543	Spectrogram 1	1	798.317036285	799.116740369	114.7	1490.7	0.800	1376.0	234.4	17
544	Spectrogram 1	1	800.726669411	801.179133564	172.0	1462.0	0.452	1290.0	281.2	17
545	Spectrogram 1	1	801.713236952	803.175853632	430.0	2465.3	1.463	2035.3	703.1	Z
546	Spectrogram 1	1	803.462499172	803.630857926	143.3	1490.7	0.168	1347.3	656.2	19
547	Spectrogram 1	1	803.693992459	804.504218965	143.3	1490.7	0.810	1347.3	234.4	17
548	Spectrogram 1	1	805.367057582	805.514371492	172.0	1490.7	0.147	1318.7	421.9	19
549	Spectrogram 1	1	805.577506025	806.303553154	86.0	1490.7	0.726	1404.7	234.4	17
550	Spectrogram 1	1	809.418189452	809.986400249	143.3	1519.3	0.568	1376.0	281.2	17
551	Spectrogram 1	1	810.604681612	812.183044935	516.0	2494.0	1.578	1978.0	1546.9	Z
552	Spectrogram 1	1	812.574913838	813.343050656	114.7	1490.7	0.768	1376.0	234.4	Y
553	Spectrogram 1	1	814.184844428	814.321635916	114.7	1490.7	0.137	1376.0	656.2	19
554	Spectrogram 1	1	814.405815294	814.742532803	143.3	1433.3	0.337	1290.0	281.2	17
555	Spectrogram 1	1	815.331788443	815.710595641	172.0	1490.7	0.379	1318.7	468.8	17
556	Spectrogram 1	1	816.370967720	817.907241355	487.3	2494.0	1.536	2006.7	1921.9	Z
557	Spectrogram 1	1	818.141275159	818.330678758	172.0	1519.3	0.189	1347.3	234.4	19
558	Spectrogram 1	1	818.372768447	818.804187755	114.7	1519.3	0.431	1404.7	421.9	17
559	Spectrogram 1	1	819.277695347	819.382919568	200.7	1490.7	0.105	1290.0	562.5	19
560	Spectrogram 1	1	819.456576523	819.803816454	114.7	1519.3	0.347	1404.7	234.4	17
561	Spectrogram 1	1	820.106426209	820.600980050	315.3	2522.7	0.495	2207.3	515.6	X
562	Spectrogram 1	1	820.632547317	821.032399359	229.3	2436.7	0.400	2207.3	515.6	X
563	Spectrogram 1	1	821.474341089	821.947850086	200.7	2436.7	0.474	2236.0	562.5	X
564	Spectrogram 1	1	822.221433063	822.631807527	430.0	2494.0	0.410	2064.0	1500.0	X
565	Spectrogram 1	1	822.789643859	823.210540745	229.3	2522.7	0.421	2293.3	796.9	X
566	Spectrogram 1	1	823.515690988	823.936587874	430.0	2408.0	0.421	1978.0	1265.6	X
567	Spectrogram 1	1	824.104946629	824.462708982	487.3	2494.0	0.358	2006.7	1312.5	X
568	Spectrogram 1	1	824.694202269	825.178233688	372.7	2494.0	0.484	2121.3	1265.6	X
569	Spectrogram 1	1	825.272935488	825.725399641	315.3	2408.0	0.452	2092.7	515.6	X
570	Spectrogram 1	1	826.924955307	829.545038424	516.0	2522.7	2.620	2006.7	2015.6	Z
571	Spectrogram 1	1	830.187783038	830.713904145	143.3	1519.3	0.526	1376.0	515.6	17
572	Spectrogram 1	1	832.154598058	832.564972522	372.7	2465.3	0.410	2092.7	984.4	X
573	Spectrogram 1	1	832.638629477	833.038481519	372.7	2494.0	0.400	2121.3	2343.8	X
574	Spectrogram 1	1	833.259452384	833.690871693	286.7	2465.3	0.431	2178.7	1312.5	X
575	Spectrogram 1	1	834.153857695	836.100505794	544.7	2494.0	1.947	1949.3	1687.5	Z
576	Spectrogram 1	1	837.079969550	837.227283460	172.0	1490.7	0.147	1318.7	515.6	19
577	Spectrogram 1	1	837.269373149	837.553478547	143.3	1433.3	0.284	1290.0	421.9	17
578	Spectrogram 1	1	838.099765056	838.541706787	229.3	2465.3	0.442	2236.0	656.2	X
579	Spectrogram 1	1	838.699543119	839.078350317	372.7	2522.7	0.379	2150.0	1265.6	X
580	Spectrogram 1	1	839.194096960	839.572904158	315.3	2522.7	0.379	2207.3	1359.4	X
581	Spectrogram 1	1	839.793875023	840.277906442	372.7	2522.7	0.484	2150.0	1406.2	X
582	Spectrogram 1	1	840.351563397	840.740893017	344.0	2465.3	0.389	2121.3	2109.4	X
583	Spectrogram 1	1	840.993431149	841.330148658	286.7	2465.3	0.337	2178.7	1265.6	X
584	Spectrogram 1	1	841.540597101	842.035150942	315.3	2436.7	0.495	2121.3	421.9	X
585	Spectrogram 1	1	842.108807898	842.613884161	258.0	2465.3	0.505	2207.3	1875.0	X
586	Spectrogram 1	1	842.655973850	843.140005269	315.3	2436.7	0.484	2121.3	1078.1	X
587	Spectrogram 1	1	843.287319179	843.708216065	258.0	2494.0	0.421	2236.0	421.9	X
588	Spectrogram 1	1	846.223074130	847.990841052	372.7	2494.0	1.768	2121.3	796.9	Z
589	Spectrogram 1	1	848.381046991	848.517838479	258.0	1519.3	0.137	1261.3	562.5	19
590	Spectrogram 1	1	848.549405746	848.970302632	172.0	1490.7	0.421	1318.7	375.0	17
591	Spectrogram 1	1	851.674565126	851.937625680	172.0	1548.0	0.263	1376.0	328.1	17
592	Spectrogram 1	1	852.925855038	854.420038984	458.7	2494.0	1.494	2035.3	750.0	Z
593	Spectrogram 1	1	854.841814195	855.399502570	172.0	1519.3	0.558	1347.3	375.0	Y
594	Spectrogram 1	1	856.197172493	856.786428134	114.7	1519.3	0.589	1404.7	375.0	Y
595	Spectrogram 1	1	857.682865941	857.798612585	258.0	1548.0	0.116	1290.0	656.2	19
596	Spectrogram 1	1	857.861747118	858.124807672	114.7	1519.3	0.263	1404.7	375.0	17
597	Spectrogram 1	1	859.939214856	860.307499632	143.3	1490.7	0.368	1347.3	609.4	17
598	Spectrogram 1	1	860.964983905	862.743273249	487.3	2436.7	1.778	1949.3	609.4	Z
599	Spectrogram 1	1	863.032806970	863.653629878	114.7	1490.7	0.621	1376.0	375.0	Y
600	Spectrogram 1	1	864.069098125	865.468580272	430.0	2465.3	1.399	2035.3	703.1	Z
601	Spectrogram 1	1	865.743041313	866.416476331	114.7	1519.3	0.673	1404.7	328.1	Y
602	Spectrogram 1	1	869.807100472	870.564714868	114.7	1519.3	0.758	1404.7	234.4	Y
603	Spectrogram 1	1	872.898582773	873.403659036	114.7	1490.7	0.505	1376.0	468.8	Y
604	Spectrogram 1	1	874.591518275	876.264583397	458.7	2465.3	1.673	2006.7	703.1	Z
605	Spectrogram 1	1	876.541448593	877.014957590	172.0	1519.3	0.474	1347.3	515.6	Y
606	Spectrogram 1	1	877.358912810	877.758764852	344.0	2436.7	0.400	2092.7	1078.1	X
607	Spectrogram 1	1	877.948168451	878.284885960	401.3	2465.3	0.337	2064.0	1171.9	X
608	Spectrogram 1	1	878.684738002	879.031977933	344.0	2465.3	0.347	2121.3	562.5	X
609	Spectrogram 1	1	879.231903954	879.621233574	286.7	2436.7	0.389	2150.0	890.6	X
610	Spectrogram 1	1	879.831682017	880.368325547	315.3	2436.7	0.537	2121.3	890.6	X
611	Spectrogram 1	1	880.431460080	880.936536343	401.3	2465.3	0.505	2064.0	796.9	X
612	Spectrogram 1	1	881.052282987	881.504747139	258.0	2494.0	0.452	2236.0	1078.1	X
613	Spectrogram 1	1	881.641538628	882.062435514	401.3	2465.3	0.421	2064.0	1031.2	X
614	Spectrogram 1	1	882.304451223	882.714825687	458.7	2465.3	0.410	2006.7	1031.2	X
615	Spectrogram 1	1	882.967363819	883.409305550	458.7	2465.3	0.442	2006.7	1125.0	X
616	Spectrogram 1	1	883.609231571	884.051173301	487.3	2494.0	0.442	2006.7	1078.1	X
617	Spectrogram 1	1	884.240576900	884.640428942	544.7	2465.3	0.400	1920.7	984.4	X
618	Spectrogram 1	1	884.977146451	885.461177870	258.0	2465.3	0.484	2207.3	515.6	X
619	Spectrogram 1	1	887.271033164	889.428129706	315.3	2494.0	2.157	2178.7	656.2	Z
620	Spectrogram 1	1	890.539689194	891.160512101	114.7	1519.3	0.621	1404.7	375.0	Y
621	Spectrogram 1	1	892.704107589	893.125004475	573.3	2465.3	0.421	1892.0	750.0	X
622	Spectrogram 1	1	893.209183852	893.724782538	487.3	2465.3	0.516	1978.0	1078.1	X
623	Spectrogram 1	1	893.798439493	894.377172711	258.0	2465.3	0.579	2207.3	1078.1	X
624	Spectrogram 1	1	894.398217556	894.934861086	430.0	2408.0	0.537	1978.0	1078.1	X
625	Spectrogram 1	1	894.976950774	895.555683993	229.3	2465.3	0.579	2236.0	984.4	X
626	Spectrogram 1	1	895.608296104	896.134417212	344.0	2465.3	0.526	2121.3	1078.1	X
627	Spectrogram 1	1	896.208074167	896.713150430	344.0	2408.0	0.505	2064.0	2062.5	X
628	Spectrogram 1	1	896.860464340	897.386585448	544.7	2436.7	0.526	1892.0	2296.9	X
629	Spectrogram 1	1	897.460242403	897.933751400	286.7	2465.3	0.474	2178.7	1218.8	X
630	Spectrogram 1	1	898.133677421	898.607186418	344.0	2465.3	0.474	2121.3	937.5	X
631	Spectrogram 1	1	898.754500328	899.238531748	315.3	2465.3	0.484	2150.0	984.4	X
632	Spectrogram 1	1	899.406890502	899.890921921	286.7	2494.0	0.484	2207.3	2109.4	X
633	Spectrogram 1	1	900.101370365	900.553834517	344.0	2465.3	0.452	2121.3	609.4	X
634	Spectrogram 1	1	903.193355926	905.087391914	573.3	2522.7	1.894	1949.3	1359.4	Z
635	Spectrogram 1	1	905.578357231	906.168798732	81.1	1459.5	0.590	1378.4	328.1	17
636	Spectrogram 1	1	909.724191561	910.166133292	202.7	1581.1	0.442	1378.4	515.6	17
637	Spectrogram 1	1	910.969422950	912.989728004	458.7	2494.0	2.020	2035.3	656.2	Z
638	Spectrogram 1	1	913.438606582	914.090996756	162.2	1500.0	0.652	1337.8	328.1	17
639	Spectrogram 1	1	914.768017348	916.830412091	372.7	2436.7	2.062	2064.0	656.2	Z
640	Spectrogram 1	1	917.268767188	917.752798607	162.2	1500.0	0.484	1337.8	281.2	17
641	Spectrogram 1	1	919.299594664	919.888850305	162.2	1621.6	0.589	1459.5	421.9	17
642	Spectrogram 1	1	924.574913278	926.395292311	344.0	2494.0	1.820	2150.0	656.2	Z
643	Spectrogram 1	1	926.749466086	927.391333837	81.1	1500.0	0.642	1418.9	281.2	17
644	Spectrogram 1	1	928.110447122	930.067617643	430.0	2465.3	1.957	2035.3	2109.4	Z
645	Spectrogram 1	1	930.411268996	931.032091904	114.7	1459.5	0.621	1344.8	234.4	17
646	Spectrogram 1	1	932.200080763	932.841948514	143.3	1462.0	0.642	1318.7	234.4	17
647	Spectrogram 1	1	937.980477069	940.821531051	458.7	2436.7	2.841	1978.0	2203.1	Z
648	Spectrogram 1	1	941.775482775	942.322648727	86.0	1490.7	0.547	1404.7	375.0	17
649	Spectrogram 1	1	943.701086029	944.227207137	114.7	1433.3	0.526	1318.7	421.9	17
650	Spectrogram 1	1	948.713345748	950.723128380	344.0	2408.0	2.010	2064.0	2015.6	Z
651	Spectrogram 1	1	951.098347285	951.613945971	57.3	1462.0	0.516	1404.7	375.0	17
652	Spectrogram 1	1	952.227832883	954.427019114	372.7	2436.7	2.199	2064.0	1968.8	Z
653	Spectrogram 1	1	954.665447879	955.328360475	114.7	1462.0	0.663	1347.3	562.5	Y
654	Spectrogram 1	1	956.201721514	956.370080269	200.7	1490.7	0.168	1290.0	421.9	19
655	Spectrogram 1	1	956.391125113	956.990903176	114.7	1433.3	0.600	1318.7	328.1	17
656	Spectrogram 1	1	958.821803915	959.263745645	114.7	1490.7	0.442	1376.0	375.0	17
657	Spectrogram 1	1	960.045992546	962.108387288	401.3	2436.7	2.062	2035.3	1265.6	Z
658	Spectrogram 1	1	962.315247125	962.788756122	114.7	1490.7	0.474	1376.0	421.9	Y
659	Spectrogram 1	1	963.030770828	963.314876226	172.0	1490.7	0.284	1318.7	1265.6	X
660	Spectrogram 1	1	963.746295535	964.114580310	200.7	1490.7	0.368	1290.0	1078.1	X
661	Spectrogram 1	1	964.398685708	964.788015328	229.3	1490.7	0.389	1261.3	1078.1	X
662	Spectrogram 1	1	965.008986193	965.514062457	229.3	1548.0	0.505	1318.7	1125.0	X
663	Spectrogram 1	1	965.598241834	966.124362942	200.7	1433.3	0.526	1232.7	1171.9	X
664	Spectrogram 1	1	966.187497475	966.618916783	229.3	1462.0	0.431	1232.7	984.4	X
665	Spectrogram 1	1	966.818842804	967.302874223	114.7	1462.0	0.484	1347.3	1359.4	X
666	Spectrogram 1	1	967.534367511	967.976309241	172.0	1490.7	0.442	1318.7	1125.0	X
667	Spectrogram 1	1	968.260414640	968.712878792	229.3	1519.3	0.452	1290.0	1312.5	X
668	Spectrogram 1	1	968.881237547	969.396836233	114.7	1433.3	0.516	1318.7	1171.9	X
669	Spectrogram 1	1	970.705204442	972.820211295	487.3	2494.0	2.115	2006.7	2156.2	Z
670	Spectrogram 1	1	977.635891117	978.162012225	172.0	1490.7	0.526	1318.7	421.9	17
671	Spectrogram 1	1	978.860078950	981.332848157	401.3	2436.7	2.473	2035.3	2156.2	Z
672	Spectrogram 1	1	981.739633179	982.360456086	86.0	1519.3	0.621	1433.3	468.8	Y
673	Spectrogram 1	1	984.328149029	985.117330691	143.3	1462.0	0.789	1318.7	421.9	Y
674	Spectrogram 1	1	986.495767993	987.063978790	86.0	1519.3	0.568	1433.3	421.9	Y
675	Spectrogram 1	1	989.391821078	991.906679973	401.3	2522.7	2.515	2121.3	2015.6	Z
676	Spectrogram 1	1	992.356756474	992.977579381	143.3	1462.0	0.621	1318.7	328.1	17
677	Spectrogram 1	1	994.619077238	995.239900145	114.7	1462.0	0.621	1347.3	328.1	17
678	Spectrogram 1	1	997.473039404	999.588046257	344.0	2465.3	2.115	2121.3	1921.9	Z
679	Spectrogram 1	1	999.848720276	1000.059168719	143.3	1433.3	0.210	1290.0	468.8	19
680	Spectrogram 1	1	1000.101258407	1000.606334671	86.0	1462.0	0.505	1376.0	234.4	17
681	Spectrogram 1	1	1001.113796240	1003.102534027	315.3	2465.3	1.989	2150.0	1921.9	Z
682	Spectrogram 1	1	1003.342163543	1003.510522298	172.0	1462.0	0.168	1290.0	1218.8	19
683	Spectrogram 1	1	1003.521044720	1004.036643405	114.7	1548.0	0.516	1433.3	281.2	17
684	Spectrogram 1	1	1005.078363199	1005.267766798	114.7	1490.7	0.189	1376.0	1312.5	19
685	Spectrogram 1	1	1005.299334064	1005.835977594	86.0	1490.7	0.537	1404.7	281.2	17
686	Spectrogram 1	1	1007.098666905	1007.582698324	86.0	1490.7	0.484	1404.7	234.4	Y
687	Spectrogram 1	1	1008.279563866	1010.331436187	258.0	2465.3	2.052	2207.3	1875.0	Z
688	Spectrogram 1	1	1010.655245594	1011.307635767	114.7	1490.7	0.652	1376.0	281.2	17
689	Spectrogram 1	1	1011.762485083	1013.656521072	315.3	2494.0	1.894	2178.7	2015.6	Z
690	Spectrogram 1	1	1013.927718482	1014.548541390	86.0	1490.7	0.621	1404.7	328.1	Y
691	Spectrogram 1	1	1015.933877586	1016.670447137	86.0	1490.7	0.737	1404.7	328.1	Y
692	Spectrogram 1	1	1019.067832788	1020.961868776	315.3	2408.0	1.894	2092.7	1968.8	Z
693	Spectrogram 1	1	1021.265545049	1022.096816400	86.0	1519.3	0.831	1433.3	421.9	Y
694	Spectrogram 1	1	1023.170103460	1023.306894948	114.7	1462.0	0.137	1347.3	1453.1	19
695	Spectrogram 1	1	1023.359507059	1024.138166298	86.0	1490.7	0.779	1404.7	328.1	17
696	Spectrogram 1	1	1025.791660546	1027.759353489	114.7	1490.7	1.968	1376.0	1125.0	Z
697	Spectrogram 1	1	1028.073547293	1028.220861204	200.7	1490.7	0.147	1290.0	468.8	19
698	Spectrogram 1	1	1028.241906048	1029.083699820	114.7	1433.3	0.842	1318.7	234.4	17
699	Spectrogram 1	1	1030.009672970	1030.156986880	57.3	1490.7	0.147	1433.3	421.9	19
700	Spectrogram 1	1	1030.199076569	1031.061915186	86.0	1490.7	0.863	1404.7	234.4	17
701	Spectrogram 1	1	1033.822484397	1035.642863430	143.3	1462.0	1.820	1318.7	1359.4	Z
702	Spectrogram 1	1	1035.967307165	1036.167233186	114.7	1490.7	0.200	1376.0	562.5	18
703	Spectrogram 1	1	1036.188278030	1037.009026959	143.3	1462.0	0.821	1318.7	234.4	17
704	Spectrogram 1	1	1038.040224330	1038.198060662	114.7	1490.7	0.158	1376.0	515.6	19
705	Spectrogram 1	1	1038.250672773	1039.018809590	86.0	1462.0	0.768	1376.0	234.4	17
706	Spectrogram 1	1	1040.209594646	1042.082585790	200.7	1605.3	1.873	1404.7	609.4	Z
707	Spectrogram 1	1	1042.414314824	1042.582673579	114.7	1462.0	0.168	1347.3	421.9	19
708	Spectrogram 1	1	1042.603718423	1043.392900085	114.7	1462.0	0.789	1347.3	234.4	17
709	Spectrogram 1	1	1044.329395657	1044.487231989	86.0	1519.3	0.158	1433.3	234.4	19
710	Spectrogram 1	1	1044.508276833	1045.339548184	114.7	1490.7	0.831	1376.0	234.4	17
711	Spectrogram 1	1	1047.859392608	1049.627159531	114.7	1519.3	1.768	1404.7	609.4	Z
712	Spectrogram 1	1	1050.050356187	1051.134165669	114.7	1490.7	1.084	1376.0	234.4	Y
713	Spectrogram 1	1	1051.923347331	1052.901932591	114.7	1462.0	0.979	1347.3	234.4	Y
714	Spectrogram 1	1	1054.204403735	1055.898513703	172.0	1490.7	1.694	1318.7	656.2	Z
715	Spectrogram 1	1	1056.195445380	1056.416416246	114.7	1462.0	0.221	1347.3	234.4	19
716	Spectrogram 1	1	1056.437461090	1057.131940952	114.7	1490.7	0.694	1376.0	234.4	17
717	Spectrogram 1	1	1057.994779569	1058.910230297	86.0	1548.0	0.915	1462.0	234.4	Y
718	Spectrogram 1	1	1060.275841320	1062.022563398	114.7	1490.7	1.747	1376.0	1218.8	Z
719	Spectrogram 1	1	1062.351062342	1062.550988363	114.7	1519.3	0.200	1404.7	281.2	19
720	Spectrogram 1	1	1062.572032006	1063.203377335	86.0	1462.0	0.631	1376.0	234.4	17
721	Spectrogram 1	1	1063.824200243	1064.034648686	86.0	1490.7	0.210	1404.7	281.2	19
722	Spectrogram 1	1	1064.066215952	1064.939576991	86.0	1433.3	0.873	1347.3	234.4	17
723	Spectrogram 1	1	1065.547570961	1067.125934284	114.7	1548.0	1.578	1433.3	656.2	Z
724	Spectrogram 1	1	1067.349207576	1067.549133597	57.3	1490.7	0.200	1433.3	328.1	19
725	Spectrogram 1	1	1067.580700864	1068.264658304	57.3	1490.7	0.684	1433.3	328.1	17
726	Spectrogram 1	1	1068.948615744	1069.169586609	57.3	1433.3	0.221	1376.0	234.4	19
727	Spectrogram 1	1	1069.201153876	1069.979813115	57.3	1490.7	0.779	1433.3	234.4	17
728	Spectrogram 1	1	1072.747210142	1072.999748274	86.0	1490.7	0.253	1404.7	281.2	19
729	Spectrogram 1	1	1073.031315541	1073.852064469	86.0	1433.3	0.821	1347.3	234.4	17
730	Spectrogram 1	1	1075.354460236	1077.164316847	86.0	1576.7	1.810	1490.7	1500.0	Z
731	Spectrogram 1	1	1077.408634412	1077.619082855	143.3	1462.0	0.210	1318.7	328.1	19
732	Spectrogram 1	1	1077.640127699	1078.534533583	114.7	1433.3	0.894	1318.7	234.4	17
733	Spectrogram 1	1	1079.302670400	1079.471029155	57.3	1462.0	0.168	1404.7	281.2	19
734	Spectrogram 1	1	1079.523641265	1080.365435038	86.0	1490.7	0.842	1404.7	281.2	17
735	Spectrogram 1	1	1081.024255640	1082.592096542	114.7	1490.7	1.568	1376.0	1171.9	Z
736	Spectrogram 1	1	1082.817152083	1083.059167792	114.7	1462.0	0.242	1347.3	281.2	19
737	Spectrogram 1	1	1083.101257481	1083.932528831	57.3	1490.7	0.831	1433.3	328.1	17
738	Spectrogram 1	1	1084.490217205	1084.721710493	86.0	1462.0	0.231	1376.0	281.2	19
739	Spectrogram 1	1	1084.753277759	1085.584549110	57.3	1433.3	0.831	1376.0	234.4	17
740	Spectrogram 1	1	1086.182460562	1087.863830042	114.7	1519.3	1.681	1404.7	1500.0	Z
741	Spectrogram 1	1	1088.215154649	1089.204262331	86.0	1433.3	0.989	1347.3	234.4	Y
742	Spectrogram 1	1	1089.772473128	1089.961876727	86.0	1490.7	0.189	1404.7	281.2	19
743	Spectrogram 1	1	1089.972399149	1090.740535966	86.0	1490.7	0.768	1404.7	281.2	17
744	Spectrogram 1	1	1094.145472920	1095.818538043	143.3	1548.0	1.673	1404.7	1359.4	Z
745	Spectrogram 1	1	1096.170097738	1096.348978914	86.0	1490.7	0.179	1404.7	328.1	19
746	Spectrogram 1	1	1096.359501337	1097.232862376	114.7	1490.7	0.873	1376.0	281.2	17
747	Spectrogram 1	1	1098.306149435	1098.527120301	143.3	1490.7	0.221	1347.3	421.9	19
748	Spectrogram 1	1	1098.558687567	1099.368914073	86.0	1519.3	0.810	1433.3	281.2	17
749	Spectrogram 1	1	1100.764068110	1102.910642230	114.7	1548.0	2.147	1433.3	1171.9	Z
750	Spectrogram 1	1	1103.220120583	1104.318157378	143.3	1548.0	1.098	1404.7	281.2	Y
751	Spectrogram 1	1	1105.044204507	1105.180995995	172.0	1490.7	0.137	1318.7	421.9	19
752	Spectrogram 1	1	1105.254652950	1106.022789767	114.7	1490.7	0.768	1376.0	281.2	17
753	Spectrogram 1	1	1106.688191784	1108.813721059	114.7	1605.3	2.126	1490.7	609.4	Z
754	Spectrogram 1	1	1109.105854513	1110.031827663	143.3	1490.7	0.926	1347.3	281.2	Y
755	Spectrogram 1	1	1110.621083304	1110.736829948	86.0	1519.3	0.116	1433.3	421.9	19
756	Spectrogram 1	1	1110.778919636	1111.704892786	114.7	1519.3	0.926	1404.7	281.2	17
757	Spectrogram 1	1	1112.633354356	1114.611569722	114.7	1519.3	1.978	1404.7	1265.6	Z
758	Spectrogram 1	1	1114.882664277	1115.850727116	143.3	1519.3	0.968	1376.0	328.1	Y
759	Spectrogram 1	1	1119.480956500	1120.280660583	114.7	1548.0	0.800	1433.3	421.9	17
760	Spectrogram 1	1	1121.534778389	1123.660307664	114.7	1519.3	2.126	1404.7	1500.0	Z
761	Spectrogram 1	1	1124.079247578	1124.700070485	114.7	1519.3	0.621	1404.7	234.4	17
762	Spectrogram 1	1	1128.550033398	1130.864966272	172.0	1519.3	2.315	1347.3	1453.1	Z
763	Spectrogram 1	1	1131.276584333	1131.886884818	114.7	1490.7	0.610	1376.0	328.1	17
764	Spectrogram 1	1	1132.812852823	1133.223227287	172.0	1490.7	0.410	1318.7	421.9	17
765	Spectrogram 1	1	1133.654646595	1134.012408949	172.0	1519.3	0.358	1347.3	375.0	17
766	Spectrogram 1	1	1134.338604035	1134.433305835	114.7	1490.7	0.095	1376.0	609.4	19
767	Spectrogram 1	1	1134.464873101	1134.770023344	86.0	1548.0	0.305	1462.0	421.9	17
768	Spectrogram 1	1	1135.450595966	1137.586647663	143.3	1519.3	2.136	1376.0	1453.1	Z
769	Spectrogram 1	1	1137.947794835	1138.484438365	143.3	1462.0	0.537	1318.7	328.1	17
770	Spectrogram 1	1	1139.508888045	1139.835083131	143.3	1519.3	0.326	1376.0	1078.1	X
771	Spectrogram 1	1	1140.035009152	1140.382249084	229.3	1519.3	0.347	1290.0	1078.1	X
772	Spectrogram 1	1	1140.666354482	1141.108296212	114.7	1490.7	0.442	1376.0	468.8	X
773	Spectrogram 1	1	1141.781731230	1142.097403895	229.3	1519.3	0.316	1290.0	1406.2	X
774	Spectrogram 1	1	1142.318374760	1142.644569847	258.0	1462.0	0.326	1204.0	1265.6	X
775	Spectrogram 1	1	1143.086511578	1143.528453308	143.3	1519.3	0.442	1376.0	1500.0	X
776	Spectrogram 1	1	1144.138753793	1146.843016288	143.3	1490.7	2.704	1347.3	750.0	Z
777	Spectrogram 1	1	1147.284951414	1147.821594944	86.0	1548.0	0.537	1462.0	328.1	17
778	Spectrogram 1	1	1150.704738614	1151.230859722	172.0	1519.3	0.526	1347.3	375.0	17
779	Spectrogram 1	1	1151.977951695	1154.187660348	114.7	1548.0	2.210	1433.3	1500.0	Z
780	Spectrogram 1	1	1154.555945124	1155.218857719	114.7	1519.3	0.663	1404.7	328.1	17
781	Spectrogram 1	1	1156.392768025	1156.687395845	172.0	1462.0	0.295	1290.0	468.8	17
782	Spectrogram 1	1	1158.276281591	1158.760313010	86.0	1490.7	0.484	1404.7	468.8	17
783	Spectrogram 1	1	1159.286434118	1161.801293013	86.0	1490.7	2.515	1404.7	1453.1	17
784	Spectrogram 1	1	1162.095916259	1162.748306433	172.0	1519.3	0.652	1347.3	328.1	17
785	Spectrogram 1	1	1164.095176469	1164.652864843	143.3	1548.0	0.558	1404.7	281.2	17
786	Spectrogram 1	1	1165.505181038	1165.610405260	229.3	1462.0	0.105	1232.7	796.9	19
787	Spectrogram 1	1	1165.631450104	1165.999734879	57.3	1548.0	0.368	1490.7	328.1	17
788	Spectrogram 1	1	1166.883618341	1169.114371838	114.7	1519.3	2.231	1404.7	1500.0	Z
789	Spectrogram 1	1	1169.524741470	1170.113997110	143.3	1519.3	0.589	1376.0	281.2	17
790	Spectrogram 1	1	1170.576983685	1172.660423272	143.3	1519.3	2.083	1376.0	750.0	Z
791	Spectrogram 1	1	1172.955051093	1173.049752892	114.7	1519.3	0.095	1404.7	515.6	19
792	Spectrogram 1	1	1173.070797736	1173.660053377	143.3	1462.0	0.589	1318.7	281.2	17
793	Spectrogram 1	1	1175.511999677	1176.164389850	114.7	1519.3	0.652	1404.7	281.2	17
794	Spectrogram 1	1	1177.658570166	1179.847233974	172.0	1462.0	2.189	1290.0	796.9	Z
795	Spectrogram 1	1	1180.162906639	1180.625893214	143.3	1519.3	0.463	1376.0	281.2	17
796	Spectrogram 1	1	1181.088879789	1181.215148854	143.3	1462.0	0.126	1318.7	515.6	19
797	Spectrogram 1	1	1181.267760965	1182.077987471	114.7	1490.7	0.810	1376.0	281.2	17
798	Spectrogram 1	1	1183.561648995	1184.150904636	86.0	1548.0	0.589	1462.0	281.2	17
799	Spectrogram 1	1	1184.698063069	1186.297471237	172.0	1548.0	1.599	1376.0	1546.9	Z
800	Spectrogram 1	1	1186.528964525	1187.265534076	143.3	1519.3	0.737	1376.0	281.2	Y
801	Spectrogram 1	1	1187.686430962	1188.949121621	143.3	1490.7	1.263	1347.3	796.9	Z
802	Spectrogram 1	1	1189.180614908	1189.348973662	114.7	1519.3	0.168	1404.7	328.1	19
803	Spectrogram 1	1	1189.412108195	1190.032931103	114.7	1490.7	0.621	1376.0	281.2	17
804	Spectrogram 1	1	1190.611664321	1190.748455809	114.7	1490.7	0.137	1376.0	421.9	19
805	Spectrogram 1	1	1190.832635187	1191.621816848	86.0	1490.7	0.789	1404.7	281.2	17
806	Spectrogram 1	1	1195.290136887	1196.142453082	143.3	1548.0	0.852	1404.7	281.2	17
807	Spectrogram 1	1	1197.994399382	1199.404403951	143.3	1490.7	1.410	1347.3	750.0	Z
808	Spectrogram 1	1	1199.646419660	1199.867390525	86.0	1490.7	0.221	1404.7	421.9	19
809	Spectrogram 1	1	1199.909480214	1200.730229142	86.0	1490.7	0.821	1404.7	281.2	17
810	Spectrogram 1	1	1201.750904091	1201.866650735	172.0	1490.7	0.116	1318.7	562.5	19
811	Spectrogram 1	1	1201.887693807	1202.750532424	114.7	1519.3	0.863	1404.7	281.2	17
812	Spectrogram 1	1	1203.539711827	1204.686655842	143.3	1519.3	1.147	1376.0	750.0	Z
813	Spectrogram 1	1	1204.844492174	1205.907256812	114.7	1519.3	1.063	1404.7	281.2	Y
814	Spectrogram 1	1	1206.349198542	1206.528079719	114.7	1462.0	0.179	1347.3	281.2	19
815	Spectrogram 1	1	1206.570169408	1207.201514737	114.7	1462.0	0.631	1347.3	281.2	17
816	Spectrogram 1	1	1207.632934045	1208.685176261	172.0	1548.0	1.052	1376.0	703.1	Z
817	Spectrogram 1	1	1208.916664032	1209.158679741	114.7	1462.0	0.242	1347.3	328.1	19
818	Spectrogram 1	1	1209.190247008	1209.821592337	86.0	1490.7	0.631	1404.7	328.1	17
819	Spectrogram 1	1	1210.431892822	1210.621296421	86.0	1548.0	0.189	1462.0	234.4	19
820	Spectrogram 1	1	1210.642341265	1211.273686595	114.7	1462.0	0.631	1347.3	281.2	17
821	Spectrogram 1	1	1214.767130751	1215.871985077	172.0	1490.7	1.105	1318.7	750.0	Z
822	Spectrogram 1	1	1216.166610039	1216.408625748	57.3	1462.0	0.242	1404.7	281.2	19
823	Spectrogram 1	1	1216.471760281	1217.345121320	114.7	1490.7	0.873	1376.0	281.2	17
824	Spectrogram 1	1	1218.502587757	1218.670946512	143.3	1519.3	0.168	1376.0	328.1	19
825	Spectrogram 1	1	1218.702513778	1219.386471219	172.0	1519.3	0.684	1347.3	328.1	17
826	Spectrogram 1	1	1219.944154904	1221.448861273	229.3	1519.3	1.505	1290.0	609.4	Z
827	Spectrogram 1	1	1221.722444249	1221.890803003	57.3	1519.3	0.168	1462.0	328.1	19
828	Spectrogram 1	1	1221.964459958	1222.553715599	143.3	1548.0	0.589	1404.7	328.1	17
829	Spectrogram 1	1	1223.153493662	1223.300807572	86.0	1490.7	0.147	1404.7	234.4	19
830	Spectrogram 1	1	1223.321852416	1223.648047503	57.3	1490.7	0.326	1433.3	281.2	17
831	Spectrogram 1	1	1224.089989234	1224.237303144	57.3	1519.3	0.147	1462.0	328.1	19
832	Spectrogram 1	1	1224.321482521	1224.679244875	143.3	1490.7	0.358	1347.3	468.8	17
833	Spectrogram 1	1	1225.363202315	1225.742009512	143.3	1490.7	0.379	1347.3	281.2	17
834	Spectrogram 1	1	1226.404918906	1228.825076002	86.0	1548.0	2.420	1462.0	1546.9	Z
835	Spectrogram 1	1	1229.235450466	1230.098289083	86.0	1519.3	0.863	1433.3	281.2	17
836	Spectrogram 1	1	1234.033672082	1234.559793190	86.0	1462.0	0.526	1376.0	281.2	17
837	Spectrogram 1	1	1235.264795474	1237.032562397	114.7	1519.3	1.768	1404.7	703.1	Z
838	Spectrogram 1	1	1237.358751910	1237.790171218	172.0	1462.0	0.431	1290.0	281.2	Y
839	Spectrogram 1	1	1238.316292326	1238.463606236	86.0	1519.3	0.147	1433.3	328.1	19
840	Spectrogram 1	1	1238.537263191	1238.852935856	143.3	1490.7	0.316	1347.3	328.1	17
841	Spectrogram 1	1	1240.652270044	1240.799583955	172.0	1548.0	0.147	1376.0	468.8	19
842	Spectrogram 1	1	1240.894285754	1241.273092952	143.3	1548.0	0.379	1404.7	328.1	17
843	Spectrogram 1	1	1241.904438281	1243.903698491	143.3	1548.0	1.999	1404.7	796.9	Z
844	Spectrogram 1	1	1244.145710456	1244.640264297	114.7	1548.0	0.495	1433.3	328.1	Y
845	Spectrogram 1	1	1245.113773295	1245.292654471	86.0	1548.0	0.179	1462.0	421.9	19
846	Spectrogram 1	1	1245.355789004	1245.681984091	114.7	1519.3	0.326	1404.7	328.1	17
847	Spectrogram 1	1	1246.050264122	1246.365936787	200.7	1548.0	0.316	1347.3	1359.4	X
848	Spectrogram 1	1	1246.544817963	1246.986759694	172.0	1433.3	0.442	1261.3	609.4	X
849	Spectrogram 1	1	1247.197208137	1247.723329245	143.3	1433.3	0.526	1290.0	1031.2	X
850	Spectrogram 1	1	1247.839075888	1248.196838242	114.7	1490.7	0.358	1376.0	1359.4	X
851	Spectrogram 1	1	1248.575645439	1248.912362948	143.3	1519.3	0.337	1376.0	1125.0	X
852	Spectrogram 1	1	1249.217513191	1249.575275544	143.3	1519.3	0.358	1376.0	1031.2	X
853	Spectrogram 1	1	1249.848858520	1250.269755407	143.3	1548.0	0.421	1404.7	1125.0	X
854	Spectrogram 1	1	1252.142746550	1254.426112158	114.7	1490.7	2.283	1376.0	750.0	Z
855	Spectrogram 1	1	1254.920658881	1255.415212723	114.7	1462.0	0.495	1347.3	328.1	17
856	Spectrogram 1	1	1259.013881100	1259.403210720	143.3	1548.0	0.389	1404.7	328.1	17
857	Spectrogram 1	1	1260.560677157	1262.475757990	172.0	1519.3	1.915	1347.3	750.0	Z
858	Spectrogram 1	1	1262.812475499	1263.317551762	86.0	1433.3	0.505	1347.3	328.1	Y
859	Spectrogram 1	1	1263.801579464	1264.222476350	200.7	1490.7	0.421	1290.0	1171.9	X
860	Spectrogram 1	1	1264.348745416	1264.790687147	172.0	1548.0	0.442	1376.0	1078.1	X
861	Spectrogram 1	1	1265.074792545	1265.506211854	229.3	1519.3	0.431	1290.0	1359.4	X
862	Spectrogram 1	1	1265.621958497	1266.148079605	172.0	1548.0	0.526	1376.0	937.5	X
863	Spectrogram 1	1	1266.242781404	1266.653155869	143.3	1490.7	0.410	1347.3	1031.2	X
864	Spectrogram 1	1	1266.821514623	1267.368680575	114.7	1462.0	0.547	1347.3	1031.2	X
865	Spectrogram 1	1	1267.473904797	1267.968458638	200.7	1519.3	0.495	1318.7	1359.4	X
866	Spectrogram 1	1	1268.042115593	1268.610326390	143.3	1519.3	0.568	1376.0	1312.5	X
867	Spectrogram 1	1	1268.715550611	1269.283761408	172.0	1519.3	0.568	1347.3	1312.5	X
868	Spectrogram 1	1	1269.346895941	1269.820404938	114.7	1548.0	0.474	1433.3	1265.6	X
869	Spectrogram 1	1	1269.894061893	1270.493839956	143.3	1462.0	0.600	1318.7	1125.0	X
870	Spectrogram 1	1	1270.651670829	1271.083090137	114.7	1490.7	0.431	1376.0	1125.0	X
871	Spectrogram 1	1	1271.272493736	1271.767047577	172.0	1548.0	0.495	1376.0	1125.0	X
872	Spectrogram 1	1	1274.734370625	1276.975646545	86.0	1548.0	2.241	1462.0	750.0	Z
873	Spectrogram 1	1	1278.711839140	1279.111691182	143.3	1490.7	0.400	1347.3	1218.8	X
874	Spectrogram 1	1	1279.185348137	1279.690424400	143.3	1519.3	0.505	1376.0	1218.8	X
875	Spectrogram 1	1	1279.964007376	1280.426993951	143.3	1462.0	0.463	1318.7	1218.8	X
876	Spectrogram 1	1	1280.647964816	1282.626180182	143.3	1548.0	1.978	1404.7	1546.9	Z
877	Spectrogram 1	1	1283.078644334	1283.615287864	172.0	1490.7	0.537	1318.7	328.1	17
878	Spectrogram 1	1	1284.572828281	1284.709619769	200.7	1519.3	0.137	1318.7	1171.9	19
879	Spectrogram 1	1	1284.730664613	1285.204173610	200.7	1462.0	0.474	1261.3	328.1	17
880	Spectrogram 1	1	1287.929419605	1288.276659536	172.0	1519.3	0.347	1347.3	468.8	17
881	Spectrogram 1	1	1289.202687827	1291.454486168	114.7	1490.7	2.252	1376.0	796.9	Z
882	Spectrogram 1	1	1291.822770944	1292.338369629	172.0	1490.7	0.516	1318.7	328.1	17
883	Spectrogram 1	1	1293.601060288	1294.116658974	114.7	1433.3	0.516	1318.7	375.0	17
884	Spectrogram 1	1	1297.771969051	1298.234955626	86.0	1462.0	0.463	1376.0	328.1	17
885	Spectrogram 1	1	1299.750184416	1301.212801096	143.3	1462.0	1.463	1318.7	1359.4	Z
886	Spectrogram 1	1	1301.496906494	1302.023027602	86.0	1519.3	0.526	1433.3	328.1	17
887	Spectrogram 1	1	1303.496166704	1303.611913348	172.0	1433.3	0.116	1261.3	562.5	19
888	Spectrogram 1	1	1303.654003036	1304.222213833	143.3	1519.3	0.568	1376.0	328.1	17
889	Spectrogram 1	1	1306.442443363	1306.758116028	172.0	1548.0	0.316	1376.0	468.8	17
890	Spectrogram 1	1	1307.628592890	1309.385837390	143.3	1548.0	1.757	1404.7	796.9	Z
891	Spectrogram 1	1	1309.554196144	1310.269720851	114.7	1519.3	0.716	1404.7	281.2	Y
892	Spectrogram 1	1	1310.764274692	1312.005920507	114.7	1462.0	1.242	1347.3	843.8	Z
893	Spectrogram 1	1	1312.479429504	1312.973983345	114.7	1376.0	0.495	1261.3	328.1	17
894	Spectrogram 1	1	1313.678981255	1313.836817588	200.7	1490.7	0.158	1290.0	375.0	19
895	Spectrogram 1	1	1313.889429698	1314.489207761	114.7	1462.0	0.600	1347.3	328.1	17
896	Spectrogram 1	1	1317.761681052	1318.466683336	143.3	1548.0	0.705	1404.7	328.1	17
897	Spectrogram 1	1	1319.845112235	1321.234071959	114.7	1462.0	1.389	1347.3	1406.2	Z
898	Spectrogram 1	1	1321.455042825	1321.644446423	229.3	1519.3	0.189	1290.0	843.8	19
899	Spectrogram 1	1	1321.676013690	1322.254746909	114.7	1433.3	0.579	1318.7	281.2	17
900	Spectrogram 1	1	1322.833480127	1323.948856876	86.0	1462.0	1.115	1376.0	703.1	Z
901	Spectrogram 1	1	1324.232962274	1324.390798606	143.3	1519.3	0.158	1376.0	843.8	19
902	Spectrogram 1	1	1324.464455561	1325.106323313	114.7	1490.7	0.642	1376.0	328.1	17
903	Spectrogram 1	1	1325.811325597	1326.032296463	143.3	1490.7	0.221	1347.3	328.1	19
904	Spectrogram 1	1	1326.084908573	1326.789910858	86.0	1490.7	0.705	1404.7	281.2	17
905	Spectrogram 1	1	1330.104473837	1330.262310170	114.7	1576.7	0.158	1462.0	515.6	19
906	Spectrogram 1	1	1330.304399029	1331.051491002	114.7	1519.3	0.747	1404.7	328.1	17
907	Spectrogram 1	1	1332.745600969	1333.071796056	114.7	1548.0	0.326	1433.3	375.0	17
908	Spectrogram 1	1	1333.713661263	1335.007919188	57.3	1490.7	1.294	1433.3	703.1	Z
909	Spectrogram 1	1	1335.218367631	1335.418293652	172.0	1462.0	0.200	1290.0	421.9	19
910	Spectrogram 1	1	1335.523517874	1336.186430469	114.7	1433.3	0.663	1318.7	281.2	17
911	Spectrogram 1	1	1336.754641266	1336.933522443	114.7	1462.0	0.179	1347.3	515.6	19
912	Spectrogram 1	1	1336.975611330	1337.680613615	86.0	1404.7	0.705	1318.7	281.2	17
913	Spectrogram 1	1	1338.101509386	1339.458901844	172.0	1490.7	1.357	1318.7	609.4	Z
914	Spectrogram 1	1	1339.637783021	1339.869276308	114.7	1462.0	0.231	1347.3	562.5	19
915	Spectrogram 1	1	1339.921888419	1340.500621638	86.0	1519.3	0.579	1433.3	281.2	17
916	Spectrogram 1	1	1341.026741201	1341.205622378	143.3	1519.3	0.179	1376.0	281.2	19
917	Spectrogram 1	1	1341.237189644	1342.057938572	86.0	1490.7	0.821	1404.7	281.2	17
918	Spectrogram 1	1	1346.466830254	1347.192877383	114.7	1462.0	0.726	1347.3	281.2	17
919	Spectrogram 1	1	1347.971535335	1349.286838105	143.3	1548.0	1.315	1404.7	609.4	Z
920	Spectrogram 1	1	1349.507808970	1349.697212569	57.3	1548.0	0.189	1490.7	281.2	19
921	Spectrogram 1	1	1349.728779835	1350.507439075	114.7	1490.7	0.779	1376.0	421.9	17
922	Spectrogram 1	1	1351.138784404	1351.317665581	86.0	1519.3	0.179	1433.3	375.0	19
923	Spectrogram 1	1	1351.359751496	1352.096321047	86.0	1548.0	0.737	1462.0	281.2	17
924	Spectrogram 1	1	1356.000137895	1356.663050491	143.3	1404.7	0.663	1261.3	281.2	17
925	Spectrogram 1	1	1358.441338063	1359.756640832	200.7	1433.3	1.315	1232.7	750.0	Z
926	Spectrogram 1	1	1359.956566853	1360.167015297	143.3	1490.7	0.210	1347.3	187.5	19
927	Spectrogram 1	1	1360.188060141	1360.987764225	114.7	1490.7	0.800	1376.0	281.2	17
928	Spectrogram 1	1	1362.176796384	1362.355677561	86.0	1519.3	0.179	1433.3	375.0	19
929	Spectrogram 1	1	1362.408289672	1363.123814378	57.3	1548.0	0.716	1490.7	421.9	17
930	Spectrogram 1	1	1364.375981385	1364.491728029	86.0	1548.0	0.116	1462.0	281.2	19
931	Spectrogram 1	1	1364.554862561	1365.080983669	114.7	1490.7	0.526	1376.0	281.2	17
932	Spectrogram 1	1	1365.922775756	1366.743524684	114.7	1519.3	0.821	1404.7	750.0	Z
933	Spectrogram 1	1	1367.038152504	1367.248600947	86.0	1490.7	0.210	1404.7	281.2	19
934	Spectrogram 1	1	1367.322257902	1367.943080810	57.3	1490.7	0.621	1433.3	421.9	17
935	Spectrogram 1	1	1368.805915795	1368.984796972	114.7	1519.3	0.179	1404.7	234.4	19
936	Spectrogram 1	1	1369.026886661	1369.500395658	143.3	1462.0	0.474	1318.7	281.2	17
937	Spectrogram 1	1	1370.026511763	1370.194870517	172.0	1433.3	0.168	1261.3	281.2	19
938	Spectrogram 1	1	1370.321139583	1370.521065604	200.7	1462.0	0.200	1261.3	421.9	17
939	Spectrogram 1	1	1371.078753978	1371.299724843	172.0	1519.3	0.221	1347.3	375.0	19
940	Spectrogram 1	1	1371.362859376	1371.699576885	172.0	1490.7	0.337	1318.7	421.9	17
941	Spectrogram 1	1	1372.678162146	1372.814953634	172.0	1490.7	0.137	1318.7	375.0	19
942	Spectrogram 1	1	1372.878088167	1373.267417787	114.7	1519.3	0.389	1404.7	281.2	17
943	Spectrogram 1	1	1373.877718272	1374.982572598	200.7	1519.3	1.105	1318.7	750.0	Z
944	Spectrogram 1	1	1375.203543464	1375.403469484	143.3	1433.3	0.200	1290.0	375.0	19
945	Spectrogram 1	1	1375.477126440	1376.024292392	86.0	1490.7	0.547	1404.7	421.9	17
946	Spectrogram 1	1	1376.676682565	1376.845041320	114.7	1462.0	0.168	1347.3	421.9	19
947	Spectrogram 1	1	1376.887131009	1377.265938206	143.3	1433.3	0.379	1290.0	562.5	17
948	Spectrogram 1	1	1377.528998760	1377.760492048	86.0	1519.3	0.231	1433.3	93.8	19
949	Spectrogram 1	1	1377.823626580	1378.097209557	172.0	1576.7	0.274	1404.7	281.2	17
950	Spectrogram 1	1	1378.454971910	1378.644375509	172.0	1519.3	0.189	1347.3	562.5	19
951	Spectrogram 1	1	1378.749599730	1379.254675994	86.0	1433.3	0.505	1347.3	281.2	17
952	Spectrogram 1	1	1379.612438347	1380.654158141	200.7	1433.3	1.042	1232.7	609.4	Z
953	Spectrogram 1	1	1380.969830805	1381.611698557	57.3	1548.0	0.642	1490.7	421.9	Y
954	Spectrogram 1	1	1382.221990693	1382.400871870	114.7	1490.7	0.179	1376.0	281.2	19
955	Spectrogram 1	1	1382.464006403	1383.084829310	86.0	1490.7	0.621	1404.7	328.1	17
956	Spectrogram 1	1	1386.820289176	1386.988647930	143.3	1490.7	0.168	1347.3	281.2	19
957	Spectrogram 1	1	1387.041260041	1387.693650215	114.7	1576.7	0.652	1462.0	281.2	17
958	Spectrogram 1	1	1390.103284889	1391.387020392	143.3	1490.7	1.284	1347.3	1359.4	Z
959	Spectrogram 1	1	1391.639558523	1391.818439700	114.7	1519.3	0.179	1404.7	281.2	19
960	Spectrogram 1	1	1391.892096655	1392.355083230	143.3	1490.7	0.463	1347.3	234.4	17
961	Spectrogram 1	1	1392.870681916	1393.049563092	114.7	1490.7	0.179	1376.0	281.2	19
962	Spectrogram 1	1	1393.102175203	1393.491504823	86.0	1433.3	0.389	1347.3	421.9	17
963	Spectrogram 1	1	1393.880834443	1393.996581086	114.7	1462.0	0.116	1347.3	562.5	19
964	Spectrogram 1	1	1394.059715619	1394.438522817	143.3	1462.0	0.379	1318.7	421.9	17
965	Spectrogram 1	1	1397.121735092	1399.815475164	229.3	1548.0	2.694	1318.7	1546.9	Z
966	Spectrogram 1	1	1400.394208383	1401.109733090	143.3	1433.3	0.716	1290.0	328.1	17
967	Spectrogram 1	1	1404.960934281	1405.255562102	143.3	1433.3	0.295	1290.0	562.5	17
968	Spectrogram 1	1	1406.160490407	1408.443856015	143.3	1462.0	2.283	1318.7	1406.2	Z
969	Spectrogram 1	1	1408.843708057	1409.601322452	114.7	1404.7	0.758	1290.0	281.2	Y
970	Spectrogram 1	1	1411.137593372	1411.579535103	114.7	1462.0	0.442	1347.3	328.1	17
971	Spectrogram 1	1	1415.199243436	1418.156044062	114.7	1490.7	2.957	1376.0	468.8	Z
972	Spectrogram 1	1	1419.523958943	1420.123737005	143.3	1462.0	0.600	1318.7	328.1	17
973	Spectrogram 1	1	1423.543519404	1424.069640512	114.7	1519.3	0.526	1404.7	328.1	17
974	Spectrogram 1	1	1424.841252218	1427.198274781	258.0	1490.7	2.357	1232.7	750.0	Z
975	Spectrogram 1	1	1427.482380180	1427.587604401	114.7	1462.0	0.105	1347.3	515.6	19
976	Spectrogram 1	1	1427.640216512	1427.966411599	143.3	1548.0	0.326	1404.7	328.1	17
977	Spectrogram 1	1	1428.387308485	1428.829250216	114.7	1433.3	0.442	1318.7	890.6	X
978	Spectrogram 1	1	1428.850295060	1429.323804057	200.7	1433.3	0.474	1232.7	703.1	X
979	Spectrogram 1	1	1429.386938590	1429.839402743	86.0	1433.3	0.452	1347.3	656.2	X
980	Spectrogram 1	1	1430.018283919	1430.460225650	114.7	1433.3	0.442	1318.7	328.1	X
981	Spectrogram 1	1	1430.733808626	1431.165227934	258.0	1548.0	0.431	1290.0	609.4	X
982	Spectrogram 1	1	1431.333586689	1431.765005997	143.3	1490.7	0.431	1347.3	1125.0	X
983	Spectrogram 1	1	1431.891275063	1432.396351327	86.0	1490.7	0.505	1404.7	328.1	X
984	Spectrogram 1	1	1432.564710081	1432.975084545	114.7	1433.3	0.410	1318.7	1031.2	X
985	Spectrogram 1	1	1433.280234788	1433.669564407	200.7	1404.7	0.389	1204.0	937.5	X
986	Spectrogram 1	1	1433.880012851	1434.342999425	200.7	1433.3	0.463	1232.7	1218.8	X
987	Spectrogram 1	1	1434.532403024	1434.963822333	200.7	1433.3	0.431	1232.7	1078.1	X
988	Spectrogram 1	1	1435.153225932	1435.763526417	200.7	1490.7	0.610	1290.0	515.6	X
989	Spectrogram 1	1	1438.339446584	1440.538632815	143.3	1462.0	2.199	1318.7	656.2	X
990	Spectrogram 1	1	1440.991096968	1441.327814477	143.3	1548.0	0.337	1404.7	515.6	17
991	Spectrogram 1	1	1442.306393504	1442.664155858	315.3	1462.0	0.358	1146.7	750.0	X
992	Spectrogram 1	1	1442.769380079	1443.232366654	315.3	1490.7	0.463	1175.3	1125.0	X
993	Spectrogram 1	1	1443.453337519	1443.821622295	258.0	1462.0	0.368	1204.0	515.6	X
994	Spectrogram 1	1	1444.295131292	1444.747595445	200.7	1490.7	0.452	1290.0	468.8	X
995	Spectrogram 1	1	1445.063268109	1447.925366936	172.0	1490.7	2.862	1318.7	890.6	Z
996	Spectrogram 1	1	1448.272606867	1448.798727975	143.3	1490.7	0.526	1347.3	562.5	17
997	Spectrogram 1	1	1452.397396352	1452.860382927	143.3	1433.3	0.463	1290.0	562.5	17
998	Spectrogram 1	1	1454.059935966	1456.238077353	143.3	1433.3	2.178	1290.0	1406.2	Z
999	Spectrogram 1	1	1456.564272439	1457.121960814	57.3	1404.7	0.558	1347.3	328.1	17
1000	Spectrogram 1	1	1459.005470348	1459.521069034	114.7	1490.7	0.516	1376.0	281.2	17
1001	Spectrogram 1	1	1462.530475852	1464.077271909	401.3	2465.3	1.547	2064.0	796.9	Z
1002	Spectrogram 1	1	1464.519219558	1464.992728555	143.3	1490.7	0.474	1347.3	328.1	17
1003	Spectrogram 1	1	1466.002875164	1466.581608382	114.7	1462.0	0.579	1347.3	328.1	17
1004	Spectrogram 1	1	1469.475274475	1470.117142227	143.3	1548.0	0.642	1404.7	328.1	17
1005	Spectrogram 1	1	1471.527146796	1473.736855449	172.0	1376.0	2.210	1204.0	609.4	Z
1006	Spectrogram 1	1	1474.220886868	1474.778575242	114.7	1490.7	0.558	1376.0	328.1	17
1007	Spectrogram 1	1	1476.314840500	1476.851484030	114.7	1490.7	0.537	1376.0	328.1	17
1008	Spectrogram 1	1	1479.945076144	1481.670753377	415.7	1763.0	1.726	1347.3	656.2	Z
1009	Spectrogram 1	1	1481.912769087	1482.102172686	114.7	1433.3	0.189	1318.7	796.9	19
1010	Spectrogram 1	1	1482.165307219	1482.796652548	86.0	1490.7	0.631	1404.7	328.1	17
1011	Spectrogram 1	1	1483.249116701	1484.859047291	114.7	1404.7	1.610	1290.0	656.2	Z
1012	Spectrogram 1	1	1485.195764800	1485.932334351	86.0	1433.3	0.737	1347.3	328.1	17
1013	Spectrogram 1	1	1486.542634836	1486.721516012	57.3	1433.3	0.179	1376.0	468.8	19
1014	Spectrogram 1	1	1486.805695390	1487.615921896	114.7	1433.3	0.810	1318.7	328.1	17
1015	Spectrogram 1	1	1490.960221625	1491.118057957	114.7	1519.3	0.158	1404.7	515.6	19
1016	Spectrogram 1	1	1491.223282179	1492.033508685	86.0	1490.7	0.810	1404.7	328.1	17
1017	Spectrogram 1	1	1493.738141074	1495.295459553	114.7	1662.7	1.557	1548.0	1546.9	Z
1018	Spectrogram 1	1	1495.642699484	1495.800535817	57.3	1462.0	0.158	1404.7	656.2	19
1019	Spectrogram 1	1	1495.842617359	1496.642321443	86.0	1433.3	0.800	1347.3	328.1	17
1020	Spectrogram 1	1	1497.389413416	1497.568294593	86.0	1490.7	0.179	1404.7	375.0	19
1021	Spectrogram 1	1	1497.641951548	1498.494267743	143.3	1519.3	0.852	1376.0	328.1	17
1022	Spectrogram 1	1	1499.094045806	1500.283079509	143.3	1462.0	1.189	1318.7	796.9	Z
1023	Spectrogram 1	1	1500.493527952	1500.703976396	114.7	1490.7	0.210	1376.0	609.4	19
1024	Spectrogram 1	1	1500.767110929	1501.545770168	114.7	1519.3	0.779	1404.7	328.1	17
1025	Spectrogram 1	1	1502.040324009	1502.166593075	114.7	1490.7	0.126	1376.0	562.5	19
1026	Spectrogram 1	1	1502.261294875	1503.018909270	114.7	1462.0	0.758	1347.3	328.1	17
1027	Spectrogram 1	1	1503.545030378	1504.776153770	86.0	1433.3	1.231	1347.3	609.4	17
1028	Spectrogram 1	1	1504.978026300	1505.177952321	114.7	1490.7	0.200	1376.0	234.4	19
1029	Spectrogram 1	1	1505.209519588	1505.925044294	114.7	1519.3	0.716	1404.7	328.1	17
1030	Spectrogram 1	1	1506.861539866	1507.724378483	172.0	1404.7	0.863	1232.7	328.1	Y
1031	Spectrogram 1	1	1510.670656687	1512.301632121	172.0	1490.7	1.631	1318.7	1406.2	Z
1032	Spectrogram 1	1	1512.638349630	1512.848798073	114.7	1462.0	0.210	1347.3	234.4	18
1033	Spectrogram 1	1	1512.901410184	1513.574845202	114.7	1462.0	0.673	1347.3	328.1	17
1034	Spectrogram 1	1	1514.648132262	1514.827013439	86.0	1462.0	0.179	1376.0	281.2	19
1035	Spectrogram 1	1	1514.879625549	1515.458358768	86.0	1433.3	0.579	1347.3	515.6	17
1036	Spectrogram 1	1	1516.363283900	1517.604929715	116.6	1487.1	1.242	1370.5	750.0	Z
1037	Spectrogram 1	1	1517.952169646	1518.120528400	116.6	1487.1	0.168	1370.5	515.6	19
1038	Spectrogram 1	1	1518.141573245	1518.857097951	145.8	1516.3	0.716	1370.5	281.2	17
1039	Spectrogram 1	1	1519.688369302	1519.814638368	87.5	1516.3	0.126	1428.8	328.1	19
1040	Spectrogram 1	1	1519.846205634	1520.372326742	87.5	1428.8	0.526	1341.3	234.4	17
1041	Spectrogram 1	1	1521.229470194	1521.408351371	145.8	1516.3	0.179	1370.5	187.5	19
1042	Spectrogram 1	1	1521.450441060	1521.987084590	58.3	1458.0	0.537	1399.6	234.4	17
1043	Spectrogram 1	1	1523.112983760	1525.259557880	87.5	1545.4	2.147	1458.0	750.0	Z
1044	Spectrogram 1	1	1525.585752967	1525.775156566	204.1	1458.0	0.189	1253.8	562.5	19
1045	Spectrogram 1	1	1525.848813521	1526.574860650	116.6	1487.1	0.726	1370.5	328.1	17
1046	Spectrogram 1	1	1529.861939923	1529.988208989	116.6	1458.0	0.126	1341.3	421.9	19
1047	Spectrogram 1	1	1530.114478055	1530.808957917	116.6	1487.1	0.694	1370.5	328.1	17
1048	Spectrogram 1	1	1531.945379510	1533.628967055	175.0	1487.1	1.684	1312.2	703.1	Z
1049	Spectrogram 1	1	1533.797325810	1533.997251830	87.5	1487.1	0.200	1399.6	515.6	19
1050	Spectrogram 1	1	1534.049863941	1534.712776537	87.5	1487.1	0.663	1399.6	281.2	17
1051	Spectrogram 1	1	1535.354644289	1535.491435777	145.8	1428.8	0.137	1283.0	421.9	19
1052	Spectrogram 1	1	1535.565092732	1536.017556885	116.6	1487.1	0.452	1370.5	421.9	17
1053	Spectrogram 1	1	1536.512110726	1536.638379792	116.6	1458.0	0.126	1341.3	421.9	19
1054	Spectrogram 1	1	1536.743604013	1536.996142145	116.6	1399.6	0.253	1283.0	375.0	17
1055	Spectrogram 1	1	1541.600597700	1544.031277218	175.0	1428.8	2.431	1253.8	1406.2	Z
1056	Spectrogram 1	1	1544.483735168	1545.241349564	116.6	1458.0	0.758	1341.3	281.2	17
1057	Spectrogram 1	1	1548.461210744	1549.176735450	145.8	1487.1	0.716	1341.3	328.1	17
1058	Spectrogram 1	1	1551.007636905	1552.880628049	175.0	1428.8	1.873	1253.8	1406.2	Z
1059	Spectrogram 1	1	1553.119208329	1553.582194904	233.3	1545.4	0.463	1312.2	890.6	X
1060	Spectrogram 1	1	1553.761076081	1554.203017812	320.7	1458.0	0.442	1137.2	1453.1	X
1061	Spectrogram 1	1	1554.308242033	1554.781751030	175.0	1487.1	0.474	1312.2	375.0	X
1062	Spectrogram 1	1	1554.971154629	1555.423618782	145.8	1487.1	0.452	1341.3	1125.0	X
1063	Spectrogram 1	1	1555.476230892	1555.970784734	204.1	1458.0	0.495	1253.8	1453.1	X
1064	Spectrogram 1	1	1556.054964111	1556.444293731	175.0	1458.0	0.389	1283.0	1453.1	X
1065	Spectrogram 1	1	1556.644219752	1557.054594216	145.8	1458.0	0.410	1312.2	1312.5	X
1066	Spectrogram 1	1	1557.191385704	1557.696461967	233.3	1399.6	0.505	1166.4	1171.9	X
1067	Spectrogram 1	1	1557.770118923	1558.264672764	204.1	1516.3	0.495	1312.2	1500.0	X
1068	Spectrogram 1	1	1558.411986674	1558.948630204	204.1	1545.4	0.537	1341.3	1078.1	X
1069	Spectrogram 1	1	1559.001242315	1559.527363423	233.3	1516.3	0.526	1283.0	1171.9	X
1070	Spectrogram 1	1	1559.601020378	1560.169231174	145.8	1458.0	0.568	1312.2	1406.2	X
1071	Spectrogram 1	1	1560.221843285	1560.800576504	233.3	1458.0	0.579	1224.7	1453.1	X
