Selection	View	Channel	Begin Time (s)	End Time (s)	Low Freq (Hz)	High Freq (Hz)	Delta Time (s)	Delta Freq (Hz)	Peak Freq (Hz)	UNIT
1	Spectrogram 1	1	0.952768610	1.218444472	0.0	1548.7	0.266	1548.7	0.0	19
2	Spectrogram 1	1	1.208053539	2.268292397	0.0	1530.4	1.060	1530.4	234.4	17
3	Spectrogram 1	1	3.073170345	5.195121297	455.6	1910.3	2.122	1454.7	609.4	Z
4	Spectrogram 1	1	5.570031872	5.808224024	0.0	1496.2	0.238	1496.2	0.0	19
5	Spectrogram 1	1	5.851509330	6.731706469	0.0	1546.0	0.880	1546.0	328.1	17
6	Spectrogram 1	1	10.268329900	11.304876625	0.0	1530.4	1.037	1530.4	0.0	Y
7	Spectrogram 1	1	12.365852101	14.670729859	0.0	1910.3	2.305	1910.3	0.0	Z
8	Spectrogram 1	1	14.836407527	15.100669239	0.0	1522.5	0.264	1522.5	0.0	19
9	Spectrogram 1	1	15.138420912	16.134144309	0.0	1546.0	0.996	1546.0	328.1	17
10	Spectrogram 1	1	16.499997921	18.475607429	473.8	1928.5	1.976	1454.7	703.1	Z
11	Spectrogram 1	1	18.541662298	19.756095072	0.0	1546.4	1.214	1546.4	0.0	Y
12	Spectrogram 1	1	23.048777584	24.182923783	0.0	1491.8	1.134	1491.8	0.0	17
13	Spectrogram 1	1	24.951216369	27.219508766	437.5	1910.3	2.268	1472.8	1453.1	Z
14	Spectrogram 1	1	27.548777017	28.682923216	0.0	1473.6	1.134	1473.6	0.0	Y
15	Spectrogram 1	1	29.748318400	30.201338477	0.0	1575.0	0.453	1575.0	0.0	19
16	Spectrogram 1	1	30.201338477	31.060971697	0.0	1455.4	0.860	1455.4	328.1	17
17	Spectrogram 1	1	32.161058505	34.831789876	473.8	1910.3	2.671	1436.5	1312.5	Z
18	Spectrogram 1	1	35.047155441	35.311417153	0.0	1417.5	0.264	1417.5	0.0	19
19	Spectrogram 1	1	35.311417153	36.073166187	0.0	1473.6	0.762	1473.6	234.4	17
20	Spectrogram 1	1	38.067289289	38.407054346	0.0	1470.0	0.340	1470.0	0.0	19
21	Spectrogram 1	1	38.407054346	39.027408766	0.0	1474.5	0.620	1474.5	0.0	17
22	Spectrogram 1	1	41.290538076	43.924684085	546.6	1929.3	2.634	1382.7	1265.6	Z
23	Spectrogram 1	1	44.213740518	45.273641552	0.0	1491.8	1.060	1491.8	328.1	17
24	Spectrogram 1	1	46.483633681	47.120254458	0.0	1455.4	0.637	1455.4	328.1	Y
25	Spectrogram 1	1	50.034439413	52.266146449	546.6	1947.5	2.232	1400.9	1312.5	Z
26	Spectrogram 1	1	52.554128440	53.615103916	0.0	1473.6	1.061	1473.6	0.0	Y
27	Spectrogram 1	1	54.219382373	54.437652354	0.0	1496.2	0.218	1496.2	0.0	19
28	Spectrogram 1	1	54.465196669	55.198254333	0.0	1455.4	0.733	1455.4	328.1	17
29	Spectrogram 1	1	59.071023641	61.558828205	510.2	1911.1	2.488	1400.9	703.1	Z
30	Spectrogram 1	1	61.766758616	62.681392647	0.0	1491.8	0.915	1491.8	0.0	Y
31	Spectrogram 1	1	62.861566440	64.910346670	510.2	1929.3	2.049	1419.1	750.0	Z
32	Spectrogram 1	1	65.278953296	66.522855578	0.0	1455.4	1.244	1455.4	328.1	Y
33	Spectrogram 1	1	69.795215268	70.331795637	0.0	1437.3	0.537	1437.3	0.0	20
34	Spectrogram 1	1	71.532297055	73.889703244	528.4	1999.4	2.357	1471.0	1875.0	Z
35	Spectrogram 1	1	74.049234745	74.819085186	0.0	1473.6	0.770	1473.6	281.2	Y
36	Spectrogram 1	1	75.250931419	77.043614120	601.2	1911.1	1.793	1309.9	1875.0	Z
37	Spectrogram 1	1	77.195575812	78.050387042	0.0	1473.6	0.855	1473.6	281.2	Y
38	Spectrogram 1	1	78.796381145	78.947387837	0.0	1496.2	0.151	1496.2	0.0	19
39	Spectrogram 1	1	79.022891183	79.683380377	0.0	1437.3	0.660	1437.3	515.6	17
40	Spectrogram 1	1	79.975119879	80.157011530	0.0	1722.7	0.182	1722.7	0.0	19
41	Spectrogram 1	1	80.257051938	80.557173161	0.0	1484.1	0.300	1484.1	0.0	17
42	Spectrogram 1	1	85.092393594	87.507027436	492.0	1999.4	2.415	1507.4	1359.4	Z
43	Spectrogram 1	1	87.607492589	88.595297342	0.0	1491.8	0.988	1491.8	0.0	Y
44	Spectrogram 1	1	88.897271163	91.238734283	528.4	1929.3	2.341	1400.9	1359.4	Z
45	Spectrogram 1	1	91.339199436	92.436760273	0.0	1473.6	1.098	1473.6	0.0	Y
46	Spectrogram 1	1	93.205052859	94.192857613	0.0	1491.8	0.988	1491.8	0.0	Y
47	Spectrogram 1	1	96.292327578	98.926473587	564.8	1929.3	2.634	1364.5	1406.2	Z
48	Spectrogram 1	1	99.131881381	100.119686134	0.0	1455.4	0.988	1455.4	0.0	Y
49	Spectrogram 1	1	101.180661610	102.278222448	0.0	1473.6	1.098	1473.6	281.2	Y
50	Spectrogram 1	1	103.658260925	105.633870433	437.5	1911.1	1.976	1473.6	1453.1	Z
51	Spectrogram 1	1	105.784917806	106.919064005	0.0	1455.4	1.134	1455.4	0.0	Y
52	Spectrogram 1	1	107.504429784	108.565405261	0.0	1437.3	1.061	1437.3	281.2	Y
53	Spectrogram 1	1	109.950943059	111.999723289	455.6	1965.7	2.049	1510.1	1875.0	Z
54	Spectrogram 1	1	113.512455997	113.951480332	786.7	3391.3	0.439	2604.6	1218.8	X
55	Spectrogram 1	1	114.134407138	114.683187557	768.8	3373.4	0.549	2604.6	1125.0	X
56	Spectrogram 1	1	114.756358279	115.268553337	786.7	3373.4	0.512	2586.7	1171.9	X
57	Spectrogram 1	1	115.451480143	115.963675200	768.8	3373.4	0.512	2604.6	1312.5	X
58	Spectrogram 1	1	116.110016645	116.658797064	822.3	3373.4	0.549	2551.1	1171.9	X
59	Spectrogram 1	1	116.768553148	117.207577483	822.3	3373.4	0.439	2551.1	1078.1	X
60	Spectrogram 1	1	117.317333566	117.756357901	840.2	3391.3	0.439	2551.1	1218.8	X
61	Spectrogram 1	1	117.982061695	120.360110176	637.6	1892.9	2.378	1255.3	1640.6	Z
62	Spectrogram 1	1	125.921085085	128.006450676	655.8	1911.1	2.085	1255.3	1500.0	Z
63	Spectrogram 1	1	128.068387610	128.470826584	733.1	3462.6	0.402	2729.5	1031.2	X
64	Spectrogram 1	1	128.507411945	128.946436280	715.3	3462.6	0.439	2747.3	1265.6	X
65	Spectrogram 1	1	129.056192364	129.458631337	715.3	3462.6	0.402	2747.3	1031.2	X
66	Spectrogram 1	1	129.604972782	130.153753201	697.5	3409.1	0.549	2711.6	1031.2	X
67	Spectrogram 1	1	130.263509285	130.702533620	768.8	3462.6	0.439	2693.8	1171.9	X
68	Spectrogram 1	1	130.922045787	131.397655483	751.0	3462.6	0.476	2711.6	1171.9	X
69	Spectrogram 1	1	131.507411567	132.056191986	804.5	3409.1	0.549	2604.6	1218.8	X
70	Spectrogram 1	1	132.129362708	132.531801682	751.0	3462.6	0.402	2711.6	1218.8	X
71	Spectrogram 1	1	132.641557766	133.190338184	751.0	3427.0	0.549	2676.0	1218.8	X
72	Spectrogram 1	1	133.300094268	133.812289326	733.1	3427.0	0.512	2693.9	2203.1	X
73	Spectrogram 1	1	133.958630771	134.434240467	768.8	3462.6	0.476	2693.8	1218.8	X
74	Spectrogram 1	1	134.543996551	135.056191608	768.8	3444.8	0.512	2676.0	1218.8	X
75	Spectrogram 1	1	136.839119513	139.253753355	692.2	1929.3	2.415	1237.1	796.9	Z
76	Spectrogram 1	1	144.339118568	146.131801269	601.2	1911.1	1.793	1309.9	1546.9	Z
77	Spectrogram 1	1	146.163223543	147.041272213	215.8	1500.3	0.878	1284.5	421.9	Y
78	Spectrogram 1	1	147.485459635	149.790337394	528.4	1929.3	2.305	1400.9	1453.1	Z
79	Spectrogram 1	1	149.858345028	150.809564421	144.4	1553.8	0.951	1409.4	421.9	Y
80	Spectrogram 1	1	151.645071249	152.084095584	804.5	3444.8	0.439	2640.3	1312.5	X
81	Spectrogram 1	1	152.193851668	152.706046725	786.7	3427.0	0.512	2640.3	1125.0	X
82	Spectrogram 1	1	152.852388170	153.181656421	822.3	3391.3	0.329	2569.0	1265.6	X
83	Spectrogram 1	1	153.291412505	153.730436840	768.8	3409.1	0.439	2640.3	1078.1	X
84	Spectrogram 1	1	153.840192924	154.352387981	733.1	3427.0	0.512	2693.9	1125.0	X
85	Spectrogram 1	1	154.462144065	154.901168400	751.0	3391.3	0.439	2640.3	1125.0	X
86	Spectrogram 1	1	154.937753761	155.559704902	715.3	3409.1	0.622	2693.8	984.4	X
87	Spectrogram 1	1	155.706046347	156.254826766	697.5	3391.3	0.549	2693.8	1125.0	X
88	Spectrogram 1	1	156.291412127	156.803607185	715.3	3409.1	0.512	2693.8	984.4	X
89	Spectrogram 1	1	156.876777907	157.388972964	733.1	3409.1	0.512	2676.0	984.4	X
90	Spectrogram 1	1	157.498729048	157.901168022	715.3	3444.8	0.402	2729.5	984.4	X
91	Spectrogram 1	1	158.327002301	158.802611997	751.0	3409.1	0.476	2658.1	1125.0	X
92	Spectrogram 1	1	159.080253060	159.555862756	797.6	3438.7	0.476	2641.1	984.4	X
93	Spectrogram 1	1	161.270019436	163.764681426	455.6	2027.9	2.495	1572.3	890.6	Z
94	Spectrogram 1	1	169.325656335	171.850046261	528.4	1929.3	2.524	1400.9	1453.1	Z
95	Spectrogram 1	1	172.163730180	172.800350957	180.1	1500.3	0.637	1320.2	468.8	Y
96	Spectrogram 1	1	175.037618258	175.437779889	132.5	1500.3	0.400	1367.8	328.1	Y
97	Spectrogram 1	1	176.157617637	177.730980413	546.6	1929.3	1.573	1382.7	796.9	Z
98	Spectrogram 1	1	178.143952399	178.617507650	126.6	1542.1	0.474	1415.5	468.8	Y
99	Spectrogram 1	1	178.837019817	179.349214875	126.6	3391.3	0.512	3264.7	984.4	X
100	Spectrogram 1	1	179.532141681	179.971166016	108.7	3409.1	0.439	3300.4	937.5	X
101	Spectrogram 1	1	180.410190351	180.885800047	180.1	3409.1	0.476	3229.0	1078.1	X
102	Spectrogram 1	1	180.995556131	181.544336549	144.4	3391.3	0.549	3246.9	890.6	X
103	Spectrogram 1	1	181.690677994	182.239458413	162.3	3373.4	0.549	3211.1	937.5	X
104	Spectrogram 1	1	182.982863291	185.360911772	536.9	1892.7	2.378	1355.8	750.0	Z
105	Spectrogram 1	1	192.165788963	194.397495999	572.6	1861.1	2.232	1288.5	750.0	Z
106	Spectrogram 1	1	194.718068671	195.317301297	0.0	1518.1	0.599	1518.1	0.0	Y
107	Spectrogram 1	1	196.620507455	197.388800042	0.0	1498.5	0.768	1498.5	328.1	Y
108	Spectrogram 1	1	198.632702324	199.510750994	0.0	1516.4	0.878	1516.4	0.0	Y
109	Spectrogram 1	1	200.103713032	202.349840932	531.8	1999.4	2.246	1467.6	1921.9	Z
110	Spectrogram 1	1	202.751948813	203.388799286	53.5	1480.7	0.637	1427.2	328.1	Y
111	Spectrogram 1	1	204.266847956	205.254652709	0.0	1498.5	0.988	1498.5	421.9	Y
112	Spectrogram 1	1	208.218066970	208.922064994	0.0	1480.7	0.704	1480.7	0.0	20
113	Spectrogram 1	1	210.167393319	212.399100355	554.7	1914.3	2.232	1359.6	796.9	Z
114	Spectrogram 1	1	212.827822487	213.852212602	0.0	1498.5	1.024	1498.5	328.1	Y
115	Spectrogram 1	1	214.510749104	215.644895303	0.0	1462.9	1.134	1462.9	281.2	Y
116	Spectrogram 1	1	218.176965905	219.164770658	0.0	1506.6	0.988	1506.6	0.0	20
117	Spectrogram 1	1	221.903516370	222.964491846	0.0	1480.7	1.061	1480.7	0.0	Y
118	Spectrogram 1	1	223.394231955	225.077158572	496.3	1825.7	1.683	1329.4	609.4	Z
119	Spectrogram 1	1	225.232784243	226.403515803	0.0	1498.5	1.171	1498.5	0.0	Y
120	Spectrogram 1	1	226.903487327	227.103568142	0.0	1457.6	0.200	1457.6	0.0	19
121	Spectrogram 1	1	227.112662725	228.049857059	0.0	1480.7	0.937	1480.7	375.0	Y
122	Spectrogram 1	1	231.013372271	232.220588241	0.0	1480.7	1.207	1480.7	421.9	Y
123	Spectrogram 1	1	233.351984779	235.217838202	443.1	1808.0	1.866	1364.9	796.9	Z
124	Spectrogram 1	1	235.456160672	236.700062955	0.0	1480.7	1.244	1480.7	281.2	Y
125	Spectrogram 1	1	237.156862348	238.986130410	478.6	1861.1	1.829	1382.5	796.9	Z
126	Spectrogram 1	1	239.004940713	240.358599079	0.0	1480.7	1.354	1480.7	281.2	Y
127	Spectrogram 1	1	241.135867298	241.354137278	0.0	1457.6	0.218	1457.6	0.0	19
128	Spectrogram 1	1	241.381421026	242.370793948	0.0	1462.9	0.989	1462.9	281.2	Y
129	Spectrogram 1	1	245.539273062	247.075858235	496.3	1843.4	1.537	1347.1	1828.1	Z
130	Spectrogram 1	1	247.491823026	248.480549275	0.0	1462.9	0.989	1462.9	281.2	17
131	Spectrogram 1	1	249.392590773	249.601766172	0.0	1537.1	0.209	1537.1	0.0	19
132	Spectrogram 1	1	249.638144502	250.609606172	0.0	1462.9	0.971	1462.9	281.2	17
133	Spectrogram 1	1	251.649028390	253.441711091	567.2	1878.9	1.793	1311.7	750.0	Z
134	Spectrogram 1	1	253.536435071	254.780337354	0.0	1462.9	1.244	1462.9	281.2	Y
135	Spectrogram 1	1	255.384182244	255.647925137	0.0	1351.6	0.264	1351.6	0.0	19
136	Spectrogram 1	1	255.666114302	256.536434694	0.0	1445.0	0.870	1445.0	281.2	17
137	Spectrogram 1	1	259.755771160	260.010419470	0.0	1802.2	0.255	1802.2	0.0	19
138	Spectrogram 1	1	260.028608635	260.838026480	0.0	1707.7	0.809	1707.7	281.2	17
139	Spectrogram 1	1	261.795435782	263.734459927	655.8	1843.4	1.939	1187.6	796.9	Z
140	Spectrogram 1	1	264.031345721	264.204142789	0.0	1404.6	0.173	1404.6	0.0	19
141	Spectrogram 1	1	264.240521119	265.172986669	0.0	1462.9	0.932	1462.9	281.2	17
142	Spectrogram 1	1	265.932113468	266.150383449	0.0	1404.6	0.218	1404.6	0.0	19
143	Spectrogram 1	1	266.159478031	267.056742782	0.0	1462.9	0.897	1462.9	281.2	17
144	Spectrogram 1	1	267.722264303	269.624703088	584.9	1825.7	1.902	1240.8	609.4	Z
145	Spectrogram 1	1	269.800644875	271.007961796	0.0	1462.9	1.207	1462.9	281.2	Y
146	Spectrogram 1	1	271.617127270	271.817208086	0.0	1404.6	0.200	1404.6	0.0	19
147	Spectrogram 1	1	271.844491833	272.690888414	0.0	1427.2	0.846	1427.2	281.2	17
148	Spectrogram 1	1	273.619053853	273.791850921	0.0	1431.1	0.173	1431.1	0.0	19
149	Spectrogram 1	1	273.819134669	274.629912560	0.0	1409.3	0.811	1409.3	281.2	17
150	Spectrogram 1	1	275.534220416	277.583000645	584.9	1843.4	2.049	1258.5	796.9	Z
151	Spectrogram 1	1	277.914211753	278.902016507	0.0	1462.9	0.988	1462.9	281.2	Y
152	Spectrogram 1	1	281.645918600	282.670308715	0.0	1462.9	1.024	1462.9	281.2	Y
153	Spectrogram 1	1	284.095194947	286.436658067	460.9	1861.1	2.341	1400.2	796.9	Z
154	Spectrogram 1	1	286.694698452	287.755673928	0.0	1462.9	1.061	1462.9	281.2	Y
155	Spectrogram 1	1	288.875836678	290.046568238	0.0	1480.7	1.171	1480.7	281.2	Y
156	Spectrogram 1	1	293.851445807	294.912421283	0.0	1462.9	1.061	1462.9	281.2	Y
157	Spectrogram 1	1	295.461201702	296.631933262	0.0	1427.2	1.171	1427.2	281.2	Y
158	Spectrogram 1	1	298.045343575	300.240465250	584.9	1861.1	2.195	1276.2	1828.1	Z
159	Spectrogram 1	1	300.407324709	301.431714824	0.0	1498.5	1.024	1498.5	281.2	Y
160	Spectrogram 1	1	302.087749347	303.224397525	0.0	1445.0	1.137	1445.0	281.2	Y
161	Spectrogram 1	1	304.606948706	305.198096570	35.5	1471.2	0.591	1435.7	46.9	20
162	Spectrogram 1	1	305.947781604	307.996561834	425.4	1772.5	2.049	1347.1	1500.0	Z
163	Spectrogram 1	1	308.126835932	309.114640685	0.0	1498.5	0.988	1498.5	0.0	Y
164	Spectrogram 1	1	309.371962003	310.431713690	0.0	1480.7	1.060	1480.7	281.2	Y
165	Spectrogram 1	1	311.798466911	312.289574367	17.7	1542.1	0.491	1524.4	46.9	20
166	Spectrogram 1	1	312.847170693	314.859365561	602.7	1790.2	2.012	1187.5	1781.2	Z
167	Spectrogram 1	1	315.005707006	315.727326562	17.7	1701.6	0.722	1683.9	281.2	20
168	Spectrogram 1	1	316.103267843	317.713023738	602.7	1825.7	1.610	1223.0	1312.5	Z
169	Spectrogram 1	1	317.713023738	318.773999214	0.0	1577.5	1.061	1577.5	0.0	17
170	Spectrogram 1	1	318.972621168	319.190891149	0.0	1537.1	0.218	1537.1	0.0	19
171	Spectrogram 1	1	319.227269479	319.761803968	0.0	1630.7	0.535	1630.7	281.2	20
172	Spectrogram 1	1	323.890903855	325.610415833	425.4	1861.1	1.720	1435.7	1828.1	Z
173	Spectrogram 1	1	325.769382220	326.406002997	0.0	1524.4	0.637	1524.4	0.0	20
174	Spectrogram 1	1	326.960772531	327.670149967	0.0	1524.4	0.709	1524.4	281.2	20
175	Spectrogram 1	1	328.243108667	328.434094900	0.0	1431.1	0.191	1431.1	0.0	19
176	Spectrogram 1	1	328.470473230	329.342122680	0.0	1506.6	0.872	1506.6	281.2	17
177	Spectrogram 1	1	333.073829527	333.915292836	0.0	1524.4	0.841	1524.4	281.2	Y
178	Spectrogram 1	1	335.268951202	336.915292458	549.5	1772.5	1.646	1223.0	609.4	Z
179	Spectrogram 1	1	337.061633903	337.866511850	0.0	1542.1	0.805	1542.1	281.2	Y
180	Spectrogram 1	1	338.342121546	339.293340939	0.0	1488.9	0.951	1488.9	281.2	Y
181	Spectrogram 1	1	340.646999305	341.451877252	0.0	1506.6	0.805	1506.6	46.9	Y
182	Spectrogram 1	1	341.854316226	343.610413566	514.0	1825.7	1.756	1311.7	656.2	Z
183	Spectrogram 1	1	343.573828204	344.488462235	0.0	1506.6	0.915	1506.6	0.0	Y
184	Spectrogram 1	1	344.794680225	344.985666458	0.0	1325.1	0.191	1325.1	0.0	19
185	Spectrogram 1	1	345.003855623	345.710002780	0.0	1453.5	0.706	1453.5	0.0	17
186	Spectrogram 1	1	345.813273468	346.004259701	0.0	1457.6	0.191	1457.6	0.0	19
187	Spectrogram 1	1	346.031543448	346.661222172	0.0	1435.7	0.630	1435.7	0.0	17
188	Spectrogram 1	1	346.844148978	348.307563428	531.8	1808.0	1.463	1276.2	609.4	Z
189	Spectrogram 1	1	348.124636622	349.185612098	53.2	1559.8	1.061	1506.6	281.2	Y
190	Spectrogram 1	1	349.552831518	349.771101498	0.0	1537.1	0.218	1537.1	0.0	19
191	Spectrogram 1	1	349.789290663	350.649026548	0.0	1559.8	0.860	1559.8	281.2	17
192	Spectrogram 1	1	353.889512892	354.062309960	0.0	1563.6	0.173	1563.6	0.0	19
193	Spectrogram 1	1	354.098688290	355.002684536	0.0	1577.5	0.904	1577.5	281.2	17
194	Spectrogram 1	1	357.636830546	358.953903550	620.4	1843.4	1.317	1223.0	796.9	Z
195	Spectrogram 1	1	358.990488912	360.161220471	0.0	1471.2	1.171	1471.2	281.2	Y
196	Spectrogram 1	1	361.026158253	361.189860739	0.0	1404.6	0.164	1404.6	0.0	19
197	Spectrogram 1	1	361.226239069	361.908332758	0.0	1471.2	0.682	1471.2	328.1	17
198	Spectrogram 1	1	363.307561539	364.441707737	0.0	1488.9	1.134	1488.9	281.2	Y
199	Spectrogram 1	1	364.514878460	366.088048993	549.5	1790.2	1.573	1240.7	796.9	Z
200	Spectrogram 1	1	365.978292909	367.405121998	0.0	1542.1	1.427	1542.1	328.1	Y
201	Spectrogram 1	1	367.539267174	367.730253407	26.5	1563.6	0.191	1537.1	46.9	19
202	Spectrogram 1	1	367.784820902	368.831951086	0.0	1542.1	1.047	1542.1	328.1	17
203	Spectrogram 1	1	368.795365725	369.976615291	567.2	1843.4	1.181	1276.2	609.4	Z
204	Spectrogram 1	1	370.140317776	370.404060669	0.0	1510.6	0.264	1510.6	0.0	19
205	Spectrogram 1	1	370.449533582	371.173414206	0.0	1471.2	0.724	1471.2	328.1	17
206	Spectrogram 1	1	371.502682457	372.819755462	0.0	1488.9	1.317	1488.9	328.1	Y
207	Spectrogram 1	1	376.343879587	376.542677012	0.0	1488.9	0.199	1488.9	0.0	19
208	Spectrogram 1	1	376.597244507	377.324811109	0.0	1590.1	0.728	1590.1	328.1	19
209	Spectrogram 1	1	380.112171795	382.014610580	514.0	1861.1	1.902	1347.1	750.0	Z
210	Spectrogram 1	1	382.070728931	382.325377242	26.5	1590.1	0.255	1563.6	46.9	19
211	Spectrogram 1	1	382.361755572	383.125700504	70.9	1559.8	0.764	1488.9	281.2	17
212	Spectrogram 1	1	384.271315403	384.471396219	0.0	1563.6	0.200	1563.6	0.0	19
213	Spectrogram 1	1	384.471396219	385.217151986	35.5	1506.6	0.746	1471.1	328.1	17
214	Spectrogram 1	1	385.965829594	387.648756212	478.6	1790.2	1.683	1311.6	796.9	Z
215	Spectrogram 1	1	387.751401622	387.996955350	0.0	1404.6	0.246	1404.6	0.0	19
216	Spectrogram 1	1	388.015144515	389.002414578	0.0	1471.2	0.987	1471.2	328.1	17
217	Spectrogram 1	1	389.370237311	389.552128962	0.0	1590.1	0.182	1590.1	0.0	19
218	Spectrogram 1	1	389.570318127	389.979574340	0.0	1471.2	0.409	1471.2	0.0	17
219	Spectrogram 1	1	390.381743070	390.529163208	0.0	1313.6	0.147	1313.6	0.0	19
220	Spectrogram 1	1	390.547590726	391.063561212	0.0	1418.0	0.516	1418.0	281.2	17
221	Spectrogram 1	1	391.490219142	393.173145760	531.8	1843.4	1.683	1311.6	796.9	Z
222	Spectrogram 1	1	393.330616331	393.548886312	26.5	1404.6	0.218	1378.1	46.9	19
223	Spectrogram 1	1	393.567075477	394.149128759	0.0	1453.5	0.582	1453.5	328.1	17
224	Spectrogram 1	1	394.540195807	394.731182040	0.0	1457.6	0.191	1457.6	0.0	19
225	Spectrogram 1	1	394.749371205	395.331682073	0.0	1471.2	0.582	1471.2	0.0	17
226	Spectrogram 1	1	396.889991404	397.299247618	0.0	1453.5	0.409	1453.5	0.0	20
227	Spectrogram 1	1	398.126851987	400.614656551	514.0	1843.4	2.488	1329.4	1593.8	Z
228	Spectrogram 1	1	400.760997996	401.821973472	0.0	1471.2	1.061	1471.2	328.1	Y
229	Spectrogram 1	1	405.224412068	406.212216822	0.0	1453.5	0.988	1453.5	328.1	20
230	Spectrogram 1	1	407.838940971	409.485282227	195.0	1843.4	1.646	1648.4	281.2	Z
231	Spectrogram 1	1	409.675490438	410.139314146	0.0	1449.3	0.464	1449.3	0.0	Y
232	Spectrogram 1	1	414.766235564	415.384667176	0.0	1524.4	0.618	1524.4	0.0	Y
233	Spectrogram 1	1	416.049988659	418.171939611	549.5	1896.6	2.122	1347.1	1406.2	Z
234	Spectrogram 1	1	418.391451779	419.269500449	0.0	1506.6	0.878	1506.6	328.1	Y
235	Spectrogram 1	1	420.989012427	421.940231820	0.0	1453.5	0.951	1453.5	328.1	Y
236	Spectrogram 1	1	423.586573076	425.269499693	602.7	1843.4	1.683	1240.7	1640.6	Z
237	Spectrogram 1	1	425.477537381	426.403645891	0.0	1524.4	0.926	1524.4	328.1	Y
238	Spectrogram 1	1	427.314643051	427.441967206	0.0	1423.4	0.127	1423.4	0.0	19
239	Spectrogram 1	1	427.460156371	428.196328592	0.0	1453.5	0.736	1453.5	328.1	17
240	Spectrogram 1	1	433.495022074	434.336485382	53.2	1400.3	0.841	1347.1	281.2	Y
241	Spectrogram 1	1	435.909655916	438.324289758	531.8	1825.7	2.415	1293.9	1546.9	Z
242	Spectrogram 1	1	438.763314093	439.458435957	0.0	1418.0	0.695	1418.0	328.1	20
243	Spectrogram 1	1	442.878770537	443.683648484	0.0	1418.0	0.805	1418.0	0.0	20
244	Spectrogram 1	1	444.744623960	446.354379855	549.5	1808.0	1.610	1258.5	1500.0	Z
245	Spectrogram 1	1	446.537306661	447.305599247	0.0	1435.7	0.768	1435.7	328.1	Y
246	Spectrogram 1	1	447.763433765	447.990798328	0.0	1345.8	0.227	1345.8	0.0	19
247	Spectrogram 1	1	447.981703746	448.622672252	0.0	1453.5	0.641	1453.5	328.1	17
248	Spectrogram 1	1	449.209987594	449.831938735	0.0	1453.5	0.622	1453.5	328.1	Y
249	Spectrogram 1	1	452.063645771	453.856328472	0.0	1453.5	1.793	1453.5	0.0	Z
250	Spectrogram 1	1	454.075840640	454.697791781	0.0	1435.7	0.622	1435.7	328.1	Y
251	Spectrogram 1	1	455.283157561	456.051450147	0.0	1453.5	0.768	1453.5	328.1	20
252	Spectrogram 1	1	458.319742544	459.417303381	0.0	1418.0	1.098	1418.0	328.1	Y
253	Spectrogram 1	1	462.615148543	464.115148354	443.1	1878.9	1.500	1435.8	703.1	Z
254	Spectrogram 1	1	464.316919412	464.507905645	0.0	1449.3	0.191	1449.3	0.0	19
255	Spectrogram 1	1	464.517587328	465.395635998	0.0	1435.7	0.878	1435.7	328.1	17
256	Spectrogram 1	1	466.185708815	466.531302951	0.0	1477.0	0.346	1477.0	0.0	19
257	Spectrogram 1	1	466.531302951	467.298074783	0.0	1418.0	0.767	1418.0	328.1	17
258	Spectrogram 1	1	468.238856190	469.519343833	514.0	1878.9	1.280	1364.9	796.9	Z
259	Spectrogram 1	1	469.801498191	469.956106094	0.0	1475.2	0.155	1475.2	0.0	19
260	Spectrogram 1	1	470.028862754	470.873002199	0.0	1435.7	0.844	1435.7	328.1	17
261	Spectrogram 1	1	471.465806793	471.665887608	0.0	1397.5	0.200	1397.5	0.0	19
262	Spectrogram 1	1	471.711360521	472.482758094	0.0	1453.5	0.771	1453.5	328.1	17
263	Spectrogram 1	1	476.423747802	476.632923200	0.0	1449.3	0.209	1449.3	0.0	19
264	Spectrogram 1	1	476.632923200	477.465595036	0.0	1488.9	0.833	1488.9	328.1	17
265	Spectrogram 1	1	478.709497319	480.136326407	496.3	1754.8	1.427	1258.5	703.1	Z
266	Spectrogram 1	1	480.202799029	480.484731087	0.0	1397.5	0.282	1397.5	0.0	19
267	Spectrogram 1	1	480.502920253	481.563155496	0.0	1435.7	1.060	1435.7	328.1	17
268	Spectrogram 1	1	482.313590191	482.550049336	0.0	1423.4	0.236	1423.4	328.1	19
269	Spectrogram 1	1	482.559143919	483.429008919	0.0	1453.5	0.870	1453.5	328.1	17
270	Spectrogram 1	1	486.758276792	487.746081546	549.5	1861.1	0.988	1311.6	750.0	Z
271	Spectrogram 1	1	488.265966942	488.520615252	0.0	1475.2	0.255	1475.2	328.1	19
272	Spectrogram 1	1	488.538804417	489.429008163	0.0	1453.5	0.890	1453.5	328.1	17
273	Spectrogram 1	1	490.357720922	490.603274650	0.0	1449.3	0.246	1449.3	328.1	19
274	Spectrogram 1	1	490.648747563	491.368032309	0.0	1435.7	0.719	1435.7	328.1	17
275	Spectrogram 1	1	492.099739534	493.087544288	567.2	1825.7	0.988	1258.5	703.1	Z
276	Spectrogram 1	1	493.350675189	493.550756005	0.0	1449.3	0.200	1449.3	0.0	19
277	Spectrogram 1	1	493.578039752	494.331446570	0.0	1453.5	0.753	1453.5	328.1	17
278	Spectrogram 1	1	494.723957151	494.914943384	0.0	1475.2	0.191	1475.2	0.0	19
279	Spectrogram 1	1	494.960416296	495.538763491	0.0	1453.5	0.578	1453.5	328.1	17
280	Spectrogram 1	1	496.050958549	497.953397333	478.6	1790.2	1.902	1311.6	703.1	Z
281	Spectrogram 1	1	498.172909501	499.233884977	0.0	1435.7	1.061	1435.7	0.0	Y
282	Spectrogram 1	1	502.817973943	503.008960176	0.0	1449.3	0.191	1449.3	0.0	19
283	Spectrogram 1	1	503.054433088	503.914175776	0.0	1453.5	0.860	1453.5	328.1	17
284	Spectrogram 1	1	505.962956005	508.048321596	478.6	1772.5	2.085	1293.9	1031.2	Z
285	Spectrogram 1	1	508.487345931	509.475150685	0.0	1453.5	0.988	1453.5	0.0	Y
286	Spectrogram 1	1	510.512605464	510.776348357	0.0	1423.4	0.264	1423.4	0.0	19
287	Spectrogram 1	1	510.821821270	511.670272359	0.0	1418.0	0.848	1418.0	328.1	Y
288	Spectrogram 1	1	513.133686809	514.926369510	407.7	1719.3	1.793	1311.6	703.1	Z
289	Spectrogram 1	1	515.145881678	516.280027876	17.7	1524.4	1.134	1506.7	46.9	Y
290	Spectrogram 1	1	516.539106858	518.185448114	673.6	1949.8	1.646	1276.2	703.1	Z
291	Spectrogram 1	1	519.173252868	520.417155150	0.0	1488.9	1.244	1488.9	328.1	Y
292	Spectrogram 1	1	521.624472071	522.978130437	584.9	1896.6	1.354	1311.7	750.0	Z
293	Spectrogram 1	1	523.600081579	524.697642416	0.0	1488.9	1.098	1488.9	328.1	Y
294	Spectrogram 1	1	526.234227588	528.648861430	514.0	1843.4	2.415	1329.4	1828.1	Z
295	Spectrogram 1	1	528.904958959	529.929349074	0.0	1488.9	1.024	1488.9	328.1	Y
296	Spectrogram 1	1	531.180805275	531.380886090	0.0	1449.3	0.200	1449.3	0.0	19
297	Spectrogram 1	1	531.399075255	532.197641471	0.0	1488.9	0.799	1488.9	328.1	17
298	Spectrogram 1	1	534.209836340	536.185445847	549.5	1932.0	1.976	1382.5	703.1	Z
299	Spectrogram 1	1	536.551299459	537.356177407	0.0	1488.9	0.805	1488.9	0.0	Y
300	Spectrogram 1	1	538.270811438	539.258616191	0.0	1471.2	0.988	1471.2	0.0	Y
301	Spectrogram 1	1	541.386758769	542.959929303	478.6	1914.3	1.573	1435.7	1781.2	Z
302	Spectrogram 1	1	543.325782915	544.277002308	0.0	1488.9	0.951	1488.9	0.0	Y
303	Spectrogram 1	1	545.301392423	546.179441093	0.0	1471.2	0.878	1471.2	328.1	20
304	Spectrogram 1	1	548.557489573	550.496513719	531.8	1843.4	1.939	1311.6	1359.4	Z
305	Spectrogram 1	1	550.862367332	551.667245279	0.0	1506.6	0.805	1506.6	0.0	Y
306	Spectrogram 1	1	552.947732923	553.606269425	0.0	1488.9	0.659	1488.9	328.1	17
307	Spectrogram 1	1	555.801391100	556.496512964	0.0	1453.5	0.695	1453.5	0.0	20
308	Spectrogram 1	1	557.615297530	559.737248483	531.8	1825.7	2.122	1293.9	1359.4	Z
309	Spectrogram 1	1	560.139687456	560.760295130	0.0	1488.9	0.621	1488.9	0.0	Y
310	Spectrogram 1	1	561.932370157	562.664077382	0.0	1506.6	0.732	1506.6	328.1	Y
311	Spectrogram 1	1	567.947051860	570.142173535	584.9	1843.4	2.195	1258.5	1828.1	Z
312	Spectrogram 1	1	570.434856425	571.203149011	0.0	1488.9	0.768	1488.9	328.1	Y
313	Spectrogram 1	1	572.059070771	572.222773257	0.0	1422.6	0.164	1422.6	0.0	19
314	Spectrogram 1	1	572.295529917	572.959246351	0.0	1471.2	0.664	1471.2	0.0	17
315	Spectrogram 1	1	579.457900952	581.031071485	584.9	2002.9	1.573	1418.0	703.1	Z
316	Spectrogram 1	1	581.104242208	581.945705517	0.0	1488.9	0.841	1488.9	0.0	Y
317	Spectrogram 1	1	586.437872635	588.341401563	508.1	1956.0	1.904	1447.9	1406.2	Z
318	Spectrogram 1	1	588.650081930	589.576123031	0.0	1168.5	0.926	1168.5	0.0	20
319	Spectrogram 1	1	590.039143581	591.273865048	0.0	1295.6	1.235	1295.6	0.0	Z
320	Spectrogram 1	1	591.597224317	592.233845094	0.0	1397.2	0.637	1397.2	0.0	20
321	Spectrogram 1	1	592.652195890	593.070546686	0.0	1448.0	0.418	1448.0	0.0	20
322	Spectrogram 1	1	593.579843307	593.961815773	0.0	1473.4	0.382	1473.4	0.0	20
323	Spectrogram 1	1	597.721732786	599.649784281	406.5	1829.0	1.928	1422.5	1406.2	Z
324	Spectrogram 1	1	599.844637014	600.390311965	0.0	1448.0	0.546	1448.0	0.0	Y
325	Spectrogram 1	1	603.872675309	604.363782765	0.0	1473.4	0.491	1473.4	0.0	20
326	Spectrogram 1	1	605.837292992	607.656209497	533.5	1829.0	1.819	1295.5	1406.2	Z
327	Spectrogram 1	1	608.001803633	608.565667749	0.0	1422.6	0.564	1422.6	46.9	Y
328	Spectrogram 1	1	609.711585147	610.257260099	0.0	1422.6	0.546	1422.6	328.1	20
329	Spectrogram 1	1	614.284698611	616.121804280	508.1	1803.6	1.837	1295.5	1453.1	Z
330	Spectrogram 1	1	616.612911737	617.085830028	0.0	1422.6	0.473	1422.6	328.1	20
331	Spectrogram 1	1	618.322693251	618.904746533	0.0	1422.6	0.582	1422.6	328.1	20
332	Spectrogram 1	1	620.450825562	620.850987193	0.0	1371.8	0.400	1371.8	0.0	20
333	Spectrogram 1	1	622.241172561	623.878197415	406.5	1930.6	1.637	1524.1	1921.9	Z
334	Spectrogram 1	1	624.296548211	624.896790658	0.0	1422.6	0.600	1422.6	328.1	20
335	Spectrogram 1	1	625.660735590	627.261382114	406.5	1397.2	1.601	990.7	1359.4	Z
336	Spectrogram 1	1	627.479652095	627.679732910	0.0	1422.6	0.200	1422.6	0.0	19
337	Spectrogram 1	1	627.716111240	628.698326153	0.0	1397.2	0.982	1397.2	0.0	20
