Selection	View	Channel	Begin Time (s)	End Time (s)	Low Freq (Hz)	High Freq (Hz)	Delta Freq (Hz)	Peak Freq (Hz)	Delta Time (s)	UNIT
1	Spectrogram 1	1	56.196688099	57.676951070	49.4	1928.1	1878.7	351.6	1.480	O
2	Spectrogram 1	1	58.454089130	60.119384973	98.9	2027.0	1928.1	351.6	1.665	O
3	Spectrogram 1	1	61.118562479	62.302772856	98.9	1952.9	1854.0	351.6	1.184	Q
4	Spectrogram 1	1	65.226292224	66.336489453	197.8	1952.9	1755.1	304.7	1.110	Q
5	Spectrogram 1	1	67.054377066	69.126745226	74.2	1804.5	1730.3	304.7	2.072	O
6	Spectrogram 1	1	71.939244872	73.234474972	148.3	2002.3	1854.0	304.7	1.295	26
7	Spectrogram 1	1	76.195000914	77.934309906	74.2	1903.4	1829.2	187.5	1.739	25
8	Spectrogram 1	1	79.007500560	81.005855572	123.6	1878.7	1755.1	257.8	1.998	31
9	Spectrogram 1	1	83.022738153	84.725040570	0.0	2002.3	2002.3	257.8	1.702	26
10	Spectrogram 1	1	85.650204927	87.685566513	123.6	1903.4	1779.8	187.5	2.035	25
11	Spectrogram 1	1	88.906783464	91.053164773	98.9	1928.1	1829.2	234.4	2.146	31
12	Spectrogram 1	1	94.198723587	95.382933964	49.4	1977.6	1928.2	234.4	1.184	26
13	Spectrogram 1	1	98.111364624	99.776660467	74.2	1903.4	1829.2	164.1	1.665	25
14	Spectrogram 1	1	100.627811675	102.774192984	74.2	1854.0	1779.8	210.9	2.146	31
15	Spectrogram 1	1	104.624521698	105.586692630	49.4	1928.1	1878.7	234.4	0.962	26
16	Spectrogram 1	1	107.288995047	108.436198850	49.4	1928.1	1878.7	70.3	1.147	25
17	Spectrogram 1	1	110.027481544	111.877810258	74.2	1903.4	1829.2	234.4	1.850	31
18	Spectrogram 1	1	114.951045653	115.839203436	74.2	1903.4	1829.2	210.9	0.888	26
19	Spectrogram 1	1	118.818256949	120.446546218	24.7	1952.9	1928.2	281.2	1.628	25
20	Spectrogram 1	1	121.741776318	122.999999843	49.4	2027.0	1977.6	234.4	1.258	31
21	Spectrogram 1	1	123.720042548	123.942814798	54.0	1972.6	1918.6	164.1	0.223	18
22	Spectrogram 1	1	124.054200922	124.499745421	54.0	2053.7	1999.7	234.4	0.446	18
23	Spectrogram 1	1	125.146381152	126.367598103	98.9	1952.9	1854.0	234.4	1.221	26
24	Spectrogram 1	1	127.811301216	129.439590484	24.7	1928.1	1903.4	117.2	1.628	25
25	Spectrogram 1	1	130.142715396	131.511958644	24.7	2002.3	1977.6	234.4	1.369	31
26	Spectrogram 1	1	132.104063833	132.451282849	49.4	2051.7	2002.3	140.6	0.347	19
27	Spectrogram 1	1	132.525540265	132.766876868	22.0	1976.6	1954.6	257.8	0.241	18
28	Spectrogram 1	1	133.177254487	134.546497736	49.4	1903.4	1854.0	234.4	1.369	31
29	Spectrogram 1	1	136.479262765	137.367420548	49.4	1977.6	1928.2	234.4	0.888	25
30	Spectrogram 1	1	138.810676945	140.105907045	49.4	1952.9	1903.5	234.4	1.295	31
31	Spectrogram 1	1	143.303629038	144.487839416	98.9	2002.3	1903.4	210.9	1.184	26
32	Spectrogram 1	1	147.300339061	148.521556013	74.2	1903.4	1829.2	234.4	1.221	25
33	Spectrogram 1	1	149.853792687	151.334055658	24.7	2002.3	1977.6	210.9	1.480	31
34	Spectrogram 1	1	151.704121401	151.966608111	49.4	2002.3	1952.9	117.2	0.262	19
35	Spectrogram 1	1	152.077994235	152.412152609	27.0	1972.6	1945.6	234.4	0.334	18
36	Spectrogram 1	1	152.983452723	153.280482389	0.0	1810.5	1810.5	117.2	0.297	19
37	Spectrogram 1	1	153.391868513	154.004492198	24.7	2027.0	2002.3	234.4	0.613	17
38	Spectrogram 1	1	155.893897806	156.671035866	98.9	2101.2	2002.3	234.4	0.777	26
39	Spectrogram 1	1	157.818239669	158.299325135	24.7	2076.5	2051.8	93.8	0.481	19
40	Spectrogram 1	1	158.373338284	159.039456621	74.2	2076.5	2002.3	210.9	0.666	17
41	Spectrogram 1	1	161.000805058	161.296857652	24.7	1903.4	1878.7	234.4	0.296	19
42	Spectrogram 1	1	161.370870801	162.036989138	123.6	2101.2	1977.6	234.4	0.666	17
43	Spectrogram 1	1	162.690061834	163.007010257	98.9	1977.6	1878.7	328.1	0.317	19
44	Spectrogram 1	1	163.044138965	163.341168631	54.0	1972.6	1918.6	351.6	0.297	18
45	Spectrogram 1	1	164.927249704	165.835620649	0.0	2027.0	2027.0	796.9	0.908	27
46	Spectrogram 1	1	166.299925333	167.595155433	74.2	1878.7	1804.5	281.2	1.295	28
47	Spectrogram 1	1	167.965221176	168.314830912	123.6	2002.3	1878.7	257.8	0.350	19
48	Spectrogram 1	1	168.463345744	169.075969430	109.8	2020.5	1910.7	304.7	0.613	17
49	Spectrogram 1	1	172.257983793	173.405187596	74.2	1854.0	1779.8	304.7	1.147	26
50	Spectrogram 1	1	175.720079766	176.963891490	527.1	2855.1	2328.0	914.1	1.244	27
51	Spectrogram 1	1	178.179035679	179.252226333	74.2	1928.1	1853.9	304.7	1.073	28
52	Spectrogram 1	1	180.153023113	180.313774221	74.2	1952.9	1878.7	304.7	0.161	19
53	Spectrogram 1	1	180.462289053	180.796447427	0.0	1846.3	1846.3	304.7	0.334	18
54	Spectrogram 1	1	181.115194045	181.485259788	98.9	1977.6	1878.7	234.4	0.370	29
55	Spectrogram 1	1	181.596279510	182.410424145	856.5	2789.2	1932.7	1125.0	0.814	28
56	Spectrogram 1	1	183.373000000	183.609000000	123.6	1952.9	1829.3	234.4	0.236	19
57	Spectrogram 1	1	183.683000000	184.091000000	108.1	1837.5	1729.4	281.2	0.408	17
58	Spectrogram 1	1	184.793000000	185.721000000	527.1	2833.1	2306.0	890.6	0.928	28
59	Spectrogram 1	1	186.518000000	186.925000000	49.4	2002.3	1952.9	281.2	0.407	19
60	Spectrogram 1	1	187.036000000	187.665000000	98.9	2002.3	1903.4	304.7	0.629	17
61	Spectrogram 1	1	188.354000000	188.613000000	98.9	2027.0	1928.1	304.7	0.259	19
62	Spectrogram 1	1	189.168000000	189.409000000	74.2	1952.9	1878.7	281.2	0.241	19
63	Spectrogram 1	1	189.409000000	189.817523941	131.9	1925.4	1793.5	281.2	0.409	17
64	Spectrogram 1	1	190.056504860	190.290220733	49.4	1928.1	1878.7	515.6	0.234	19
65	Spectrogram 1	1	190.383042503	190.587250398	22.0	1866.8	1844.8	304.7	0.204	18
66	Spectrogram 1	1	190.611603475	191.314728386	98.9	2002.3	1903.4	304.7	0.703	17
67	Spectrogram 1	1	192.018261114	192.333903360	35.0	1957.7	1922.7	351.6	0.316	19
68	Spectrogram 1	1	192.296774652	192.816576567	54.0	1837.5	1783.5	328.1	0.520	18
69	Spectrogram 1	1	193.499514561	194.724761932	658.9	3008.8	2349.9	914.1	1.225	28
70	Spectrogram 1	1	197.304116238	198.089144227	87.4	1975.2	1887.8	375.0	0.785	28
71	Spectrogram 1	1	201.084766795	202.105303180	103.0	1974.7	1871.7	468.8	1.021	28
72	Spectrogram 1	1	204.224878750	206.265951521	274.7	2953.5	2678.8	890.6	2.041	27
73	Spectrogram 1	1	207.103314709	208.385527090	257.6	2953.5	2695.9	375.0	1.282	27
74	Spectrogram 1	1	209.222890278	210.348097062	240.4	2987.8	2747.4	375.0	1.125	27
75	Spectrogram 1	1	211.551806645	212.912521825	652.5	2987.8	2335.3	960.9	1.361	27
76	Spectrogram 1	1	216.997211105	220.608339853	343.4	2919.2	2575.8	1148.4	3.611	27
77	Spectrogram 1	1	223.454432353	224.438343120	291.9	2919.2	2627.3	492.2	0.984	28
78	Spectrogram 1	1	226.469882169	227.725926951	498.0	2936.3	2438.3	1125.0	1.256	27
79	Spectrogram 1	1	228.748796104	229.743164890	120.2	2936.3	2816.1	375.0	0.994	28
80	Spectrogram 1	1	230.193292890	230.475857680	103.0	2764.6	2661.6	304.7	0.283	X
81	Spectrogram 1	1	230.711366076	231.862740460	223.2	2953.5	2730.3	1195.3	1.151	27
82	Spectrogram 1	1	232.176751655	232.412260052	0.0	2953.5	2953.5	23.4	0.236	X
83	Spectrogram 1	1	232.752438847	233.171120441	137.4	3005.0	2867.6	351.6	0.419	X
84	Spectrogram 1	1	233.537466836	234.793511618	206.1	2987.8	2781.7	1218.8	1.256	27
85	Spectrogram 1	1	234.819679217	235.264528411	85.9	2936.3	2850.4	304.7	0.445	X
86	Spectrogram 1	1	235.526204407	235.814048003	240.4	2627.2	2386.8	1570.3	0.288	X
87	Spectrogram 1	1	236.599075992	237.619612377	171.7	2987.8	2816.1	468.8	1.021	28
88	Spectrogram 1	1	237.985958772	238.640148763	103.0	2695.9	2592.9	304.7	0.654	X
89	Spectrogram 1	1	238.718651562	239.451344351	51.5	2850.5	2799.0	1453.1	0.733	X
90	Spectrogram 1	1	241.478323712	244.826852167	360.6	3005.0	2644.4	1242.2	3.349	27
91	Spectrogram 1	1	247.837050421	248.762495236	154.5	2970.7	2816.2	1242.2	0.925	28
92	Spectrogram 1	1	250.244469586	252.154704359	154.5	2987.8	2833.3	375.0	1.910	27
93	Spectrogram 1	1	252.390212755	252.965899947	137.4	3005.0	2867.6	328.1	0.576	X
94	Spectrogram 1	1	253.096737945	254.195777130	85.9	2919.2	2833.3	1359.4	1.099	27
95	Spectrogram 1	1	254.509788325	254.902302320	68.7	2987.8	2919.1	375.0	0.393	X
96	Spectrogram 1	1	255.163978316	255.739665508	120.2	3039.4	2919.2	1570.3	0.576	X
97	Spectrogram 1	1	256.027509103	256.603196295	51.5	2987.8	2936.3	140.6	0.576	X
98	Spectrogram 1	1	256.969542690	257.623732681	34.3	2970.7	2936.4	1570.3	0.654	X
99	Spectrogram 1	1	257.702235479	258.094749474	103.0	2919.2	2816.2	1476.6	0.393	X
100	Spectrogram 1	1	258.644269066	259.874146248	223.2	2970.7	2747.5	890.6	1.230	27
101	Spectrogram 1	1	260.868515034	261.601207824	103.0	2902.0	2799.0	796.9	0.733	X
102	Spectrogram 1	1	261.810548621	262.464738611	137.4	3005.0	2867.6	937.5	0.654	X
103	Spectrogram 1	1	263.151097085	266.997734230	412.1	3022.2	2610.1	1335.9	3.847	27
104	Spectrogram 1	1	269.928505388	270.765868576	274.7	3039.4	2764.7	585.9	0.837	28
105	Spectrogram 1	1	273.513466537	275.292863311	240.4	2936.3	2695.9	1453.1	1.779	27
106	Spectrogram 1	1	276.460436872	277.323967660	188.9	3039.4	2850.5	1195.3	0.864	28
107	Spectrogram 1	1	278.245863546	278.638377540	154.5	2644.4	2489.9	820.3	0.393	X
108	Spectrogram 1	1	278.795383138	279.083226734	188.9	2730.3	2541.4	1312.5	0.288	X
109	Spectrogram 1	1	279.606578726	280.077595520	120.2	2541.4	2421.2	726.6	0.471	X
110	Spectrogram 1	1	280.313103916	280.914958708	171.7	2455.5	2283.8	867.2	0.602	X
111	Spectrogram 1	1	281.071964305	281.385975501	85.9	2919.2	2833.3	1218.8	0.314	X
112	Spectrogram 1	1	281.673819097	281.961662693	188.9	2953.5	2764.6	1500.0	0.288	X
113	Spectrogram 1	1	283.217707475	283.767227067	171.7	2936.3	2764.6	1312.5	0.550	X
114	Spectrogram 1	1	286.043808234	289.864277780	394.9	2987.8	2592.9	1265.6	3.820	27
115	Spectrogram 1	1	292.444046401	293.386079988	274.7	2970.7	2696.0	679.7	0.942	28
116	Spectrogram 1	1	296.002839950	299.273789903	291.9	3005.0	2713.1	1265.6	3.271	27
117	Spectrogram 1	1	300.058817892	301.000851479	274.7	2987.8	2713.1	515.6	0.942	28
118	Spectrogram 1	1	302.518572257	303.931622637	291.9	3005.0	2713.1	1312.5	1.413	27
119	Spectrogram 1	1	305.030661821	306.548382599	377.8	2953.5	2575.7	1218.8	1.518	27
120	Spectrogram 1	1	307.023670690	307.677860681	274.7	2919.2	2644.5	843.8	0.654	28
122	Spectrogram 1	1	308.724564666	310.189950245	257.6	2987.8	2730.2	890.6	1.465	U5
123	Spectrogram 1	1	310.425458642	312.231023016	257.6	2884.8	2627.2	796.9	1.806	U2
124	Spectrogram 1	1	314.769280180	316.810352951	343.4	2919.2	2575.8	750.0	2.041	U2
125	Spectrogram 1	1	318.889893837	321.846832595	274.7	2919.2	2644.5	1148.4	2.957	U5
126	Spectrogram 1	1	323.809402567	325.065447349	343.4	2987.8	2644.4	1148.4	1.256	U6
127	Spectrogram 1	1	326.059816134	326.635503326	274.7	3022.2	2747.5	1171.9	0.576	U4
128	Spectrogram 1	1	327.996218507	331.345671259	377.8	3022.2	2644.4	1242.2	3.349	U5
129	Spectrogram 1	1	331.607347255	333.386744030	394.9	2987.8	2592.9	703.1	1.779	U2
130	Spectrogram 1	1	334.565118392	334.931464787	360.6	2970.7	2610.1	867.2	0.366	U0
131	Spectrogram 1	1	335.611822377	336.030503971	360.6	3005.0	2644.4	679.7	0.419	U0
132	Spectrogram 1	1	336.553855963	338.045409142	326.3	2902.0	2575.7	703.1	1.492	U2
133	Spectrogram 1	1	340.793007103	343.802281060	446.5	2970.7	2524.2	2039.1	3.009	U5
134	Spectrogram 1	1	344.142459855	345.948024229	412.1	2970.7	2558.6	632.8	1.806	U2
135	Spectrogram 1	1	346.209700225	347.596583005	274.7	3056.5	2781.8	421.9	1.387	U6
136	Spectrogram 1	1	347.805923802	348.119934998	34.3	2902.0	2867.7	46.9	0.314	U0
137	Spectrogram 1	1	348.250772996	348.669454590	154.5	2884.8	2730.3	539.1	0.419	U0
138	Spectrogram 1	1	348.891727277	349.865589541	291.9	2953.5	2661.6	1195.3	0.974	U7
139	Spectrogram 1	1	350.196471852	352.108236317	108.1	2756.2	2648.2	656.2	1.912	U2
140	Spectrogram 1	1	352.288765449	353.884989026	326.3	2850.5	2524.2	375.0	1.596	U7
141	Spectrogram 1	1	354.329838219	355.114866208	223.2	2987.8	2764.6	656.2	0.785	U4
142	Spectrogram 1	1	356.972765782	358.438151361	480.8	3005.0	2524.2	1664.1	1.465	U7
143	Spectrogram 1	1	358.725994957	360.871738126	240.4	2936.3	2695.9	585.9	2.146	U9
144	Spectrogram 1	1	363.885954767	365.011161551	206.1	2867.6	2661.5	515.6	1.125	U6
145	Spectrogram 1	1	368.753128297	370.558692671	291.9	2799.0	2507.1	585.9	1.806	U9
146	Spectrogram 1	1	371.082044664	372.782938640	274.7	2833.3	2558.6	585.9	1.701	U9
147	Spectrogram 1	1	373.698804626	374.431497416	257.6	2902.0	2644.4	539.1	0.733	U6
148	Spectrogram 1	1	376.481199888	378.679278256	274.7	3039.4	2764.7	515.6	2.198	O
149	Spectrogram 1	1	379.359635846	380.772686226	309.1	2987.8	2678.7	445.3	1.413	Q
150	Spectrogram 1	1	381.269870619	382.264239405	223.2	2919.2	2696.0	445.3	0.994	Q
151	Spectrogram 1	1	383.781960183	386.503390544	291.9	2987.8	2695.9	445.3	2.721	O
152	Spectrogram 1	1	387.057844720	388.811073894	193.1	2932.2	2739.1	351.6	1.753	O
153	Spectrogram 1	1	391.846515451	393.207230632	158.0	2967.3	2809.3	351.6	1.361	Q
154	Spectrogram 1	1	396.310771125	398.430346695	175.6	2879.5	2703.9	351.6	2.120	O
155	Spectrogram 1	1	399.293877482	400.366749067	193.1	2967.3	2774.2	351.6	1.073	Q
156	Spectrogram 1	1	401.648961449	402.695665434	140.5	2949.8	2809.3	328.1	1.047	Q
157	Spectrogram 1	1	404.887674041	406.745573614	140.5	2932.2	2791.7	304.7	1.858	O
158	Spectrogram 1	1	407.242758007	409.336165977	175.6	2879.5	2703.9	281.2	2.093	25
159	Spectrogram 1	1	412.057596338	413.758490314	210.7	2897.1	2686.4	304.7	1.701	Q
160	Spectrogram 1	1	417.570483050	418.905030631	193.1	2423.0	2229.9	328.1	1.335	Q
161	Spectrogram 1	1	419.847064218	421.155444199	140.5	2651.3	2510.8	328.1	1.308	Q
162	Spectrogram 1	1	423.301187368	424.347891353	158.0	1984.1	1826.1	304.7	1.047	Q
163	Spectrogram 1	1	425.787109333	428.299198897	122.9	1984.1	1861.2	1054.7	2.512	25
164	Spectrogram 1	1	428.848718489	429.764584476	122.9	1949.0	1826.1	164.1	0.916	U
165	Spectrogram 1	1	430.052428072	430.889791260	158.0	2054.3	1896.3	234.4	0.837	26
166	Spectrogram 1	1	434.292403489	435.417610273	141.1	1993.1	1852.0	234.4	1.125	26
167	Spectrogram 1	1	438.008202636	439.892269809	88.2	1904.9	1816.7	164.1	1.884	25
168	Spectrogram 1	1	441.946992047	442.770705768	123.5	1887.2	1763.7	210.9	0.824	26
169	Spectrogram 1	1	443.843129762	444.026302959	264.6	2980.8	2716.2	1125.0	0.183	19
170	Spectrogram 1	1	444.209476157	444.444984553	141.1	2998.4	2857.3	234.4	0.236	18
171	Spectrogram 1	1	445.335130531	446.303331718	158.7	2010.7	1852.0	234.4	0.968	26
172	Spectrogram 1	1	447.559376500	449.678952069	70.6	1887.2	1816.6	140.6	2.120	25
173	Spectrogram 1	1	451.536851643	452.662058427	123.5	1975.4	1851.9	210.9	1.125	26
174	Spectrogram 1	1	455.775929009	456.796465394	105.8	1975.4	1869.6	210.9	1.021	26
175	Spectrogram 1	1	459.544063355	460.930946135	35.3	1922.5	1887.2	140.6	1.387	25
176	Spectrogram 1	1	462.186990917	463.547706098	123.5	1957.8	1834.3	210.9	1.361	31
177	Spectrogram 1	1	464.411236885	464.856086079	88.2	2028.3	1940.1	164.1	0.445	19
178	Spectrogram 1	1	465.693449267	465.955125263	88.2	2116.5	2028.3	140.6	0.262	19
179	Spectrogram 1	1	466.138298460	467.394343243	105.8	2046.0	1940.2	210.9	1.256	26
180	Spectrogram 1	1	468.383915148	469.718462729	52.9	1940.1	1887.2	257.8	1.335	25
181	Spectrogram 1	1	471.210015908	472.518395889	88.2	1993.1	1904.9	210.9	1.308	31
182	Spectrogram 1	1	475.396831848	476.522038632	105.8	1957.8	1852.0	210.9	1.125	26
183	Spectrogram 1	1	479.531312589	480.892027769	52.9	1869.6	1816.7	257.8	1.361	25
184	Spectrogram 1	1	482.049854677	483.044223463	123.5	2010.7	1887.2	210.9	0.994	26
185	Spectrogram 1	1	483.926572119	484.214415715	70.6	1957.8	1887.2	257.8	0.288	19
186	Spectrogram 1	1	485.104114102	485.470460497	52.9	2010.7	1957.8	117.2	0.366	19
187	Spectrogram 1	1	485.634815826	486.446011414	123.5	1940.1	1816.6	187.5	0.811	26
188	Spectrogram 1	1	488.322728856	489.317097642	123.5	1940.1	1816.6	656.2	0.994	25
189	Spectrogram 1	1	490.259131229	490.494639625	88.2	2063.6	1975.4	257.8	0.236	19
190	Spectrogram 1	1	490.625030033	491.462393221	70.6	2028.3	1957.7	210.9	0.837	17
191	Spectrogram 1	1	492.090415612	492.404426807	70.6	2081.2	2010.6	117.2	0.314	19
192	Spectrogram 1	1	492.482929606	492.666102803	52.9	2010.7	1957.8	257.8	0.183	18
193	Spectrogram 1	1	493.346460394	493.503465991	52.9	2046.0	1993.1	117.2	0.157	19
194	Spectrogram 1	1	493.738974388	494.445499578	105.8	2063.6	1957.8	234.4	0.707	17
195	Spectrogram 1	1	495.471210544	496.256238532	70.6	2010.7	1940.1	632.8	0.785	26
196	Spectrogram 1	1	498.192640905	498.480484501	17.6	2151.8	2134.2	257.8	0.288	19
