Selection	View	Channel	Begin File	Begin Clock Time	Begin Time (s)	End Time (s)	Low Freq (Hz)	High Freq (Hz)	Delta Time (s)	Delta Freq (Hz)	Avg Power Density (dB FS)	Category	Comment
1	Spectrogram 1	1	HS120802-0959-ESM.wav	12.9340	12.934039699	17.950672511	13.000	2532.500	5.0166	2519.500	-54.85	As11	
2	Spectrogram 1	1	HS120802-0959-ESM.wav	18.3261	18.326066803	23.410953123	21.600	2545.500	5.0849	2523.900	-53.56	As11	
3	Spectrogram 1	1	HS120802-0959-ESM.wav	23.8887	23.888727676	28.666473212	8.600	2459.100	4.7777	2450.500	-51.68	As11	
4	Spectrogram 1	1	HS120802-0959-ESM.wav	29.2615	29.261543087	44.516202046	8.600	2519.600	15.2547	2511.000	-55.94	Au1112	
5	Spectrogram 1	1	HS120802-0959-ESM.wav	45.4968	45.496780482	69.283127897	17.300	2528.200	23.7863	2510.900	-58.34	Dj11111112	
6	Spectrogram 1	1	HS120802-0959-ESM.wav	70.1287	70.128715017	104.972130671	0.000	2549.800	34.8434	2549.800	-53.23	Dj111111111111112	
7	Spectrogram 1	1	HS120802-0959-ESM.wav	105.2315	105.231497116	138.641589108	30.300	2562.800	33.4101	2532.500	-55.76	Dj1111111111112	
8	Spectrogram 1	1	HS120802-0959-ESM.wav	139.6027	139.602702323	173.251681593	25.900	2562.800	33.6490	2536.900	-54.70	Dj1111111111112	
9	Spectrogram 1	1	HS120802-0959-ESM.wav	173.7295	173.729458716	202.327678419	8.600	2571.400	28.5982	2562.800	-52.59	Dj11111111112	
10	Spectrogram 1	1	HS120802-0959-ESM.wav	202.8747	202.874720756	233.111024643	4.300	2545.500	30.2363	2541.200	-51.35	Dj11111111112	
11	Spectrogram 1	1	HS120802-0959-ESM.wav	233.9134	233.913384852	268.790927259	0.000	2567.100	34.8775	2567.100	-51.17	Dj1111111111112	
12	Spectrogram 1	1	HS120802-0959-ESM.wav	269.0417	269.041697872	298.356579406	0.000	2575.700	29.3149	2575.700	-51.80	Dj11111111112	
13	Spectrogram 1	1	HS120802-0959-ESM.wav	299.2112	299.211238936	302.999308611	0.000	2545.500	3.7881	2545.500	-56.14	Ja11	
14	Spectrogram 1	1	HS120802-0959-ESM.wav	303.7160	303.715970441	306.650871270	0.000	2532.500	2.9349	2532.500	-58.11	Ja11	
15	Spectrogram 1	1	HS120802-0959-ESM.wav	306.9580	306.958012054	310.131800160	8.600	2532.500	3.1738	2523.900	-58.88	Ja11	
16	Spectrogram 1	1	HS120802-0959-ESM.wav	310.4731	310.473067698	313.510348788	0.000	2510.900	3.0373	2510.900	-52.23	Ja11	
17	Spectrogram 1	1	HS120802-0959-ESM.wav	313.8516	313.851616327	316.923024171	25.900	2515.200	3.0714	2489.300	-58.80	Ja11	
18	Spectrogram 1	1	HS120802-0959-ESM.wav	317.4008	317.400798724	320.165065784	0.000	2489.300	2.7643	2489.300	-51.41	Ja11	
19	Spectrogram 1	1	HS120802-0959-ESM.wav	320.8951	320.895126646	336.695813666	0.000	2467.700	15.8007	2467.700	-56.52	Ja41	
20	Spectrogram 1	1	HS120802-0959-ESM.wav	337.2418	337.241841727	340.415629833	0.000	2463.400	3.1738	2463.400	-55.83	Ja11	
21	Spectrogram 1	1	HS120802-0959-ESM.wav	341.1229	341.122940382	344.194348226	4.300	2450.400	3.0714	2446.100	-58.30	Ja11	
22	Spectrogram 1	1	HS120802-0959-ESM.wav	344.6380	344.637996026	347.436389839	8.600	2441.800	2.7984	2433.200	-59.78	Ja11	
23	Spectrogram 1	1	HS120802-0959-ESM.wav	347.7577	347.757687694	350.248940723	43.200	2420.200	2.4913	2377.000	-58.95	Ja11	
24	Spectrogram 1	1	HS120802-0959-ESM.wav	363.6633	363.663289005	380.726665917	336.200	3551.000	17.0634	3214.800	-69.27	Ia4	
25	Spectrogram 1	1	HS120802-0959-ESM.wav	396.4743	396.474270586	413.708281267	232.200	3520.400	17.2340	3288.200	-69.64	Ia	
26	Spectrogram 1	1	HS120802-0959-ESM.wav	428.7332	428.733155676	453.543305706	262.800	3496.000	24.8102	3233.200	-69.63	Ic44	
27	Spectrogram 1	1	HS120802-0959-ESM.wav	456.0990	456.099022665	483.366298969	195.600	3691.500	27.2673	3495.900	-65.92	Ic35	
28	Spectrogram 1	1	HS120802-0959-ESM.wav	484.2409	484.240927882	495.229742614	110.000	3716.000	10.9888	3606.000	-59.94	Ic21	
29	Spectrogram 1	1	HS120802-0959-ESM.wav	495.7088	495.708781908	515.809439910	195.600	3667.100	20.1007	3471.500	-62.17	Ia8	
30	Spectrogram 1	1	HS120802-0959-ESM.wav	517.2637	517.263747225	547.807191897	250.600	3569.300	30.5434	3318.700	-58.42	Ia13	
31	Spectrogram 1	1	HS120802-0959-ESM.wav	549.2976	549.297648556	572.776855187	158.900	3496.000	23.4792	3337.100	-56.84	Ia11	
32	Spectrogram 1	1	HS120802-0959-ESM.wav	574.6194	574.619448934	586.632066280	103.900	3459.300	12.0126	3355.400	-58.58	Cg31	
33	Spectrogram 1	1	HS120802-0959-ESM.wav	587.1925	587.192504915	592.106757466	116.100	3441.000	4.9143	3324.900	-57.99	Cg11	
34	Spectrogram 1	1	HS120802-0959-ESM.wav	592.7777	592.777664978	607.383915614	24.400	3471.500	14.6063	3447.100	-57.61	Cg15	
35	Spectrogram 1	1	HS120802-0959-ESM.wav	608.6125	608.612478752	631.136136275	36.700	3477.600	22.5237	3440.900	-59.25	Cg26	
36	Spectrogram 1	1	HS120802-0959-ESM.wav	631.5161	631.516083298	636.327955587	48.900	3496.000	4.8119	3447.100	-57.78	Ar11	
37	Spectrogram 1	1	HS120802-0959-ESM.wav	636.8057	636.805730140	642.197757244	61.100	3496.000	5.3920	3434.900	-57.53	Ar11	
38	Spectrogram 1	1	HS120802-0959-ESM.wav	643.1533	643.153306351	648.101685656	85.600	3544.900	4.9484	3459.300	-59.98	Ar11	
39	Spectrogram 1	1	HS120802-0959-ESM.wav	649.0572	649.057234763	654.824656159	36.700	3575.400	5.7674	3538.700	-58.73	Ar11	
40	Spectrogram 1	1	HS120802-0959-ESM.wav	655.3823	655.382314189	660.740214539	36.700	3599.900	5.3579	3563.200	-60.73	Ar11	
41	Spectrogram 1	1	HS120802-0959-ESM.wav	661.3886	661.388622862	666.302875412	6.100	3599.900	4.9143	3593.800	-59.84	Ar11	
42	Spectrogram 1	1	HS120802-0959-ESM.wav	666.9172	666.917156981	671.421888486	30.600	3587.600	4.5047	3557.000	-60.89	Ar11	
43	Spectrogram 1	1	HS120802-0959-ESM.wav	672.1198	672.119845678	688.432434005	36.700	3581.500	16.3126	3544.800	-62.32	Ar41	
44	Spectrogram 1	1	HS120802-0959-ESM.wav	689.0497	689.049749707	693.656861473	73.300	3581.500	4.6071	3508.200	-61.18	Ar11	
45	Spectrogram 1	1	HS120802-0959-ESM.wav	694.1346	694.134636026	698.980635069	24.400	3606.000	4.8460	3581.600	-59.51	Ar11	
46	Spectrogram 1	1	HS120802-0959-ESM.wav	699.4584	699.458409623	703.792507358	36.700	3593.800	4.3341	3557.100	-57.02	Ar11	
47	Spectrogram 1	1	HS120802-0959-ESM.wav	704.3044	704.304408666	708.263112109	55.000	3599.900	3.9587	3544.900	-59.74	Ar11	
48	Spectrogram 1	1	HS120802-0959-ESM.wav	708.9130	708.913038701	721.881205153	30.600	3624.300	12.9682	3593.700	-64.36	As31	
49	Spectrogram 1	1	HS120802-0959-ESM.wav	722.7002	722.700247245	728.262908118	0.000	3581.500	5.5627	3581.500	-59.71	As11	
50	Spectrogram 1	1	HS120802-0959-ESM.wav	728.8168	728.816773837	734.106420679	24.400	3581.500	5.2896	3557.100	-63.91	As11	
51	Spectrogram 1	1	HS120802-0959-ESM.wav	734.6183	734.618321987	739.805588568	36.700	3593.800	5.1873	3557.100	-64.15	As11	
52	Spectrogram 1	1	HS120802-0959-ESM.wav	740.4029	740.402934562	753.917129076	18.300	3612.100	13.5142	3593.800	-60.99	As31	
53	Spectrogram 1	1	HS120802-0959-ESM.wav	754.4181	754.418134404	759.571274231	0.000	3599.900	5.1531	3599.900	-60.66	As11	
54	Spectrogram 1	1	HS120802-0959-ESM.wav	759.8784	759.878415015	765.782343427	30.600	3593.800	5.9039	3563.200	-65.00	As11	
55	Spectrogram 1	1	HS120802-0959-ESM.wav	766.2260	766.225991226	771.106117023	6.100	3557.100	4.8801	3551.000	-55.21	As11	
56	Spectrogram 1	1	HS120802-0959-ESM.wav	771.5124	771.512352813	786.835265280	6.100	3569.300	15.3229	3563.200	-60.41	Au1112	
57	Spectrogram 1	1	HS120802-0959-ESM.wav	787.4622	787.462187866	821.827828966	30.600	3557.100	34.3656	3526.500	-66.41	Dj111111111113	
58	Spectrogram 1	1	HS120802-0959-ESM.wav	822.0869	822.086941719	852.869273667	18.300	3569.300	30.7823	3551.000	-65.46	Dj11111111112	
59	Spectrogram 1	1	HS120802-0959-ESM.wav	853.5950	853.595038224	858.611671037	24.400	3526.500	5.0166	3502.100	-67.40	Ja21	
60	Spectrogram 1	1	HS120802-0959-ESM.wav	858.9529	858.952938575	862.502120972	24.400	3526.500	3.5492	3502.100	-65.95	Ja11	
61	Spectrogram 1	1	HS120802-0959-ESM.wav	862.8775	862.877515264	865.573528816	0.000	3514.300	2.6960	3514.300	-63.93	Ja11	
62	Spectrogram 1	1	HS120802-0959-ESM.wav	865.8124	865.812416093	868.781443676	0.000	3514.300	2.9690	3514.300	-62.03	Ja11	
63	Spectrogram 1	1	HS120802-0959-ESM.wav	869.1227	869.122711214	871.921105028	24.400	3508.200	2.7984	3483.800	-65.18	Ja11	
64	Spectrogram 1	1	HS120802-0959-ESM.wav	872.2674	872.267429618	875.884865523	30.600	3520.400	3.6174	3489.800	-61.83	Ja11	
65	Spectrogram 1	1	HS120802-0959-ESM.wav	876.3626	876.362640077	888.853031976	24.400	3532.600	12.4904	3508.200	-61.67	Ja31	
66	Spectrogram 1	1	HS120802-0959-ESM.wav	889.6316	889.631627925	892.668909016	6.100	3520.400	3.0373	3514.300	-63.88	Ja11	
67	Spectrogram 1	1	HS120802-0959-ESM.wav	893.1123	893.112305857	896.047206686	24.400	3514.300	2.9349	3489.900	-66.27	Ja11	
68	Spectrogram 1	1	HS120802-0959-ESM.wav	896.3885	896.388474224	899.630515837	24.400	3526.500	3.2420	3502.100	-66.29	Ja11	
69	Spectrogram 1	1	HS120802-0959-ESM.wav	900.1765	900.176543898	910.209809522	12.200	3532.600	10.0333	3520.400	-61.73	Ja21	
70	Spectrogram 1	1	HS120802-0959-ESM.wav	912.1897	912.189667971	928.741143575	134.500	3575.400	16.5515	3440.900	-73.24	Ia4	
71	Spectrogram 1	1	HS120802-0959-ESM.wav	931.7726	931.772613812	993.537744331	458.400	3459.300	61.7651	3000.900	-73.05	?	
72	Spectrogram 1	1	HS120802-0959-ESM.wav	999.0200	999.020019975	1034.569737794	158.900	3477.600	35.5497	3318.700	-70.82	Ic73	
73	Spectrogram 1	1	HS120802-0959-ESM.wav	1035.3142	1035.314176087	1055.892608642	220.000	3636.500	20.5784	3416.500	-68.02	Ic25	
74	Spectrogram 1	1	HS120802-0959-ESM.wav	1057.2258	1057.225828160	1079.647105422	195.600	3575.400	22.4213	3379.800	-64.58	Ic25	
75	Spectrogram 1	1	HS120802-0959-ESM.wav	1080.9659	1080.965916935	1091.545210620	177.200	3532.600	10.5793	3355.400	-61.15	Ic21	
76	Spectrogram 1	1	HS120802-0959-ESM.wav	1092.0510	1092.051046066	1113.346140452	122.200	3551.000	21.2951	3428.800	-65.45	Ia9	
77	Spectrogram 1	1	HS120802-0959-ESM.wav	1114.2494	1114.249362653	1142.608695081	140.600	3618.200	28.3593	3477.600	-63.70	Ia12	
78	Spectrogram 1	1	HS120802-0959-ESM.wav	1143.6199	1143.619861487	1170.306982977	152.800	3618.200	26.6871	3465.400	-61.04	Ia12	
79	Spectrogram 1	1	HS120802-0959-ESM.wav	1171.0957	1171.095692866	1183.859098796	110.000	3618.200	12.7634	3508.200	-62.73	Cg31	
80	Spectrogram 1	1	HS120802-0959-ESM.wav	1184.4734	1184.473380365	1188.670971085	85.600	3599.900	4.1976	3514.300	-60.53	Cg11	
81	Spectrogram 1	1	HS120802-0959-ESM.wav	1189.3194	1189.319379408	1193.312209605	36.700	3599.900	3.9928	3563.200	-60.01	Cg11	
82	Spectrogram 1	1	HS120802-0959-ESM.wav	1193.7900	1193.789984159	1198.158208648	55.000	3606.000	4.3682	3551.000	-59.58	Cg11	
83	Spectrogram 1	1	HS120802-0959-ESM.wav	1198.7042	1198.704236709	1203.345475229	0.000	3618.200	4.6412	3618.200	-57.48	Cg11	
84	Spectrogram 1	1	HS120802-0959-ESM.wav	1203.7800	1203.780025275	1235.517906331	55.000	3599.900	31.7379	3544.900	-64.31	Cg39	
85	Spectrogram 1	1	HS120802-0959-ESM.wav	1236.0776	1236.077587116	1240.752952390	79.500	3606.000	4.6754	3526.500	-63.45	Ar11	
86	Spectrogram 1	1	HS120802-0959-ESM.wav	1241.2307	1241.230726943	1246.554500540	42.800	3612.100	5.3238	3569.300	-62.58	Ar11	
87	Spectrogram 1	1	HS120802-0959-ESM.wav	1247.0323	1247.032275093	1252.253668428	36.700	3606.000	5.2214	3569.300	-63.27	Ar11	
88	Spectrogram 1	1	HS120802-0959-ESM.wav	1253.1068	1253.106837274	1258.430610870	6.100	3587.600	5.3238	3581.500	-63.39	Ar11	
89	Spectrogram 1	1	HS120802-0959-ESM.wav	1258.7891	1258.789069752	1263.976336333	48.900	3618.200	5.1873	3569.300	-64.69	Ar11	
90	Spectrogram 1	1	HS120802-0959-ESM.wav	1264.4541	1264.454110886	1269.129476160	0.000	3606.000	4.6754	3606.000	-61.96	Ar11	
91	Spectrogram 1	1	HS120802-0959-ESM.wav	1269.5731	1269.573123960	1273.634207665	48.900	3593.800	4.0611	3544.900	-62.80	Ar11	
92	Spectrogram 1	1	HS120802-0959-ESM.wav	1274.3167	1274.316742741	1287.353162702	48.900	3642.700	13.0364	3593.800	-65.18	Ar31	
93	Spectrogram 1	1	HS120802-0959-ESM.wav	1287.8711	1287.871132274	1293.160779117	12.200	3654.900	5.2896	3642.700	-63.96	Ar11	
94	Spectrogram 1	1	HS120802-0959-ESM.wav	1293.5362	1293.536173409	1298.962327267	42.800	3654.900	5.4262	3612.100	-65.68	As11	
95	Spectrogram 1	1	HS120802-0959-ESM.wav	1299.4401	1299.440101821	1304.832128925	36.700	3654.900	5.3920	3618.200	-66.18	As11	
96	Spectrogram 1	1	HS120802-0959-ESM.wav	1305.2980	1305.297996121	1310.792403487	24.400	3642.700	5.4944	3618.300	-65.84	As11	
97	Spectrogram 1	1	HS120802-0959-ESM.wav	1311.1337	1311.133671025	1316.082050329	0.000	3630.400	4.9484	3630.400	-62.09	As11	
98	Spectrogram 1	1	HS120802-0959-ESM.wav	1316.8665	1316.866461181	1330.585416218	6.100	3612.100	13.7190	3606.000	-61.32	As31	
99	Spectrogram 1	1	HS120802-0959-ESM.wav	1331.3021	1331.302078048	1336.898865675	36.700	3606.000	5.5968	3569.300	-63.78	As11	
100	Spectrogram 1	1	HS120802-0959-ESM.wav	1337.6406	1337.640556506	1342.998456856	6.100	3618.200	5.3579	3612.100	-64.46	As11	
101	Spectrogram 1	1	HS120802-0959-ESM.wav	1343.5445	1343.544484917	1348.015089668	12.200	3618.200	4.4706	3606.000	-64.31	As11	
102	Spectrogram 1	1	HS120802-0959-ESM.wav	1348.5611	1348.561117729	1361.768171459	0.000	3618.200	13.2071	3618.200	-60.03	As31	
103	Spectrogram 1	1	HS120802-0959-ESM.wav	1362.5460	1362.546009229	1368.040416595	0.000	3599.900	5.4944	3599.900	-63.32	As11	
104	Spectrogram 1	1	HS120802-0959-ESM.wav	1368.6206	1368.620571410	1373.534823960	24.400	3587.600	4.9143	3563.200	-66.62	As11	
105	Spectrogram 1	1	HS120802-0959-ESM.wav	1374.1150	1374.114978775	1378.824470803	0.000	3557.100	4.7095	3557.100	-62.88	As11	
106	Spectrogram 1	1	HS120802-0959-ESM.wav	1379.1999	1379.199865095	1394.552103360	0.000	3575.400	15.3522	3575.400	-60.98	As11	
107	Spectrogram 1	1	HS120802-0959-ESM.wav	1394.8838	1394.883766254	1430.819238030	6.100	3551.000	35.9355	3544.900	-63.75	Dj111111111113	
108	Spectrogram 1	1	HS120802-0959-ESM.wav	1431.2280	1431.228003795	1467.197602324	12.200	3551.000	35.9696	3538.800	-65.49	Dj111111111113	
109	Spectrogram 1	1	HS120802-0959-ESM.wav	1467.5106	1467.510560744	1500.033357138	24.400	3544.900	32.5228	3520.500	-65.55	Dj1111111113	
