Selection	View	Channel	Begin File	Begin Clock Time	Begin Time (s)	End Time (s)	Low Freq (Hz)	High Freq (Hz)	Delta Time (s)	Delta Freq (Hz)	Avg Power (dB)	Category	Comment
1	Spectrogram 1	1	HS130805-1710-MAN.wav	170.480	170.480340028	175.906493886	121.0	2610.3	5.426	2489.3	72.7	Gb11	
2	Spectrogram 1	1	HS130805-1710-MAN.wav	176.760	176.759662732	182.629464389	112.4	2610.3	5.870	2498.0	71.4	Gb11	
3	Spectrogram 1	1	HS130805-1710-MAN.wav	183.312	183.311999466	188.908787093	90.8	2584.4	5.597	2493.6	71.5	Gb11	
4	Spectrogram 1	1	HS130805-1710-MAN.wav	189.489	189.488941908	194.846842258	121.0	2588.7	5.358	2467.7	69.8	Gb11	
5	Spectrogram 1	1	HS130805-1710-MAN.wav	195.871	195.870644873	201.876953546	43.2	2593.0	6.006	2549.8	68.6	Gb11	
6	Spectrogram 1	1	HS130805-1710-MAN.wav	202.423	202.422981607	207.234853896	103.7	2580.1	4.812	2476.3	67.8	Gb11	
7	Spectrogram 1	1	HS130805-1710-MAN.wav	207.986	207.985642480	213.514176599	64.8	2562.8	5.529	2498.0	69.6	Gb11	
8	Spectrogram 1	1	HS130805-1710-MAN.wav	214.026	214.026077907	219.418105011	90.8	2545.5	5.392	2454.7	70.1	Gb11	
9	Spectrogram 1	1	HS130805-1710-MAN.wav	220.008	220.008373930	225.161513758	90.8	2562.8	5.153	2472.0	68.9	Gb11	
10	Spectrogram 1	1	HS130805-1710-MAN.wav	225.639	225.639037352	230.826303934	90.8	2588.7	5.187	2498.0	67.7	Gb11	
11	Spectrogram 1	1	HS130805-1710-MAN.wav	231.679	231.679472779	237.037373129	77.8	2593.0	5.358	2515.2	65.9	Gb11	
12	Spectrogram 1	1	HS130805-1710-MAN.wav	237.413	237.412767421	242.838921279	51.9	2588.7	5.426	2536.8	68.5	Gb11	
13	Spectrogram 1	1	HS130805-1710-MAN.wav	243.351	243.350822587	248.196821630	60.5	2584.4	4.846	2523.9	68.5	Gb11	
14	Spectrogram 1	1	HS130805-1710-MAN.wav	248.470	248.469835660	262.973706035	56.2	2575.7	14.504	2519.6	71.4	Gb13	
15	Spectrogram 1	1	HS130805-1710-MAN.wav	263.383	263.383227081	268.775254185	34.6	2597.4	5.392	2562.8	80.4	Gb11	
16	Spectrogram 1	1	HS130805-1710-MAN.wav	269.196	269.195900713	273.905392741	73.5	2610.3	4.709	2536.8	73.8	Gb11	
17	Spectrogram 1	1	HS130805-1710-MAN.wav	274.656	274.656181325	279.092659322	82.1	2610.3	4.436	2528.2	74.3	Gb11	
18	Spectrogram 1	1	HS130805-1710-MAN.wav	279.843	279.843447906	284.587066687	21.6	2606.0	4.744	2584.4	89.0	Gb11	
19	Spectrogram 1	1	HS130805-1710-MAN.wav	285.065	285.064841241	289.194178453	13.0	2606.0	4.129	2593.0	91.9	Gb11	
20	Spectrogram 1	1	HS130805-1710-MAN.wav	289.589	289.588756695	303.239458224	38.9	2588.7	13.651	2549.8	80.6	Gb13	
21	Spectrogram 1	1	HS130805-1710-MAN.wav	303.683	303.683106024	309.348147158	43.2	2580.1	5.665	2536.8	77.6	Gb11	
22	Spectrogram 1	1	HS130805-1710-MAN.wav	309.701	309.700696259	314.171301010	8.6	2575.7	4.471	2567.1	92.6	Gb11	
23	Spectrogram 1	1	HS130805-1710-MAN.wav	314.854	314.853836086	320.041102667	69.1	2588.7	5.187	2519.6	71.3	Gb11	
24	Spectrogram 1	1	HS130805-1710-MAN.wav	320.553	320.553003975	324.955355218	30.3	2601.7	4.402	2571.4	84.2	Gb11	
25	Spectrogram 1	1	HS130805-1710-MAN.wav	325.262	325.262496002	329.869607768	17.3	2614.6	4.607	2597.4	89.3	Ga11	
26	Spectrogram 1	1	HS130805-1710-MAN.wav	330.040	330.040241538	334.715606811	0.0	2597.4	4.675	2597.4	92.0	Ga11	
27	Spectrogram 1	1	HS130805-1710-MAN.wav	334.920	334.920367334	348.993968868	13.0	2614.6	14.074	2601.7	88.4	Ga13	
28	Spectrogram 1	1	HS130805-1710-MAN.wav	349.745	349.744757452	354.795517018	47.5	2623.3	5.051	2575.7	79.0	Ga11	
29	Spectrogram 1	1	HS130805-1710-MAN.wav	355.103	355.102657802	359.982783599	13.0	2610.3	4.880	2597.4	92.0	Ga11	
30	Spectrogram 1	1	HS130805-1710-MAN.wav	360.413	360.413034443	365.395540501	90.8	2571.4	4.983	2480.7	72.3	Ga11	
31	Spectrogram 1	1	HS130805-1710-MAN.wav	366.010	366.009822070	370.412173313	21.6	2584.4	4.402	2562.8	91.0	Ga11	
32	Spectrogram 1	1	HS130805-1710-MAN.wav	370.719	370.719314097	374.063735972	60.5	2580.1	3.344	2519.6	74.6	Ga11	
33	Spectrogram 1	1	HS130805-1710-MAN.wav	374.473	374.473257018	388.601733101	21.6	2601.7	14.128	2580.1	85.4	Ga13	
34	Spectrogram 1	1	HS130805-1710-MAN.wav	389.329	389.328762399	393.492226365	34.6	2606.0	4.163	2571.4	89.2	Ga11	
35	Spectrogram 1	1	HS130805-1710-MAN.wav	393.902	393.901747411	398.577112685	17.3	2614.6	4.675	2597.4	93.2	Ga11	
36	Spectrogram 1	1	HS130805-1710-MAN.wav	399.191	399.191394254	403.252477959	25.9	2606.0	4.061	2580.1	85.1	Ga11	
37	Spectrogram 1	1	HS130805-1710-MAN.wav	403.696	403.696125759	408.166730509	56.2	2610.3	4.471	2554.1	77.9	Ga11	
38	Spectrogram 1	1	HS130805-1710-MAN.wav	408.645	408.644505063	419.429319854	25.9	2610.3	10.785	2584.4	87.2	Ga12	
39	Spectrogram 1	1	HS130805-1710-MAN.wav	419.668	419.668207131	457.433380350	43.2	2614.6	37.765	2571.4	78.5	Dj1111111111113	
40	Spectrogram 1	1	HS130805-1710-MAN.wav	459.672	459.671844824	491.034331588	43.2	2584.4	31.362	2541.2	75.9	Dj1111111111111111	
41	Spectrogram 1	1	HS130805-1710-MAN.wav	493.339	493.339280178	535.690581672	103.7	2536.8	42.351	2433.1	72.8	Dj11111111111111111112	
42	Spectrogram 1	1	HS130805-1710-MAN.wav	536.669	536.669139758	583.832313542	51.9	2575.7	47.163	2523.9	79.3	Dj111111111111111111111111	
43	Spectrogram 1	1	HS130805-1710-MAN.wav	584.882	584.882156706	587.271029474	21.6	2571.4	2.389	2549.8	82.8	Ha11	
44	Spectrogram 1	1	HS130805-1710-MAN.wav	588.056	588.055944812	590.444817580	86.4	2571.4	2.389	2485.0	70.4	Ha11	
45	Spectrogram 1	1	HS130805-1710-MAN.wav	591.093	591.093225902	593.925746470	25.9	2558.5	2.833	2532.5	91.2	Ha11	
46	Spectrogram 1	1	HS130805-1710-MAN.wav	594.608	594.608281546	596.997154314	56.2	2562.8	2.389	2506.6	78.7	Ha11	
47	Spectrogram 1	1	HS130805-1710-MAN.wav	597.680	597.679689390	600.716970480	69.1	2606.0	3.037	2536.8	76.4	Ha11	
48	Spectrogram 1	1	HS130805-1710-MAN.wav	601.211	601.210642466	604.384430571	103.7	2601.7	3.174	2498.0	68.6	Ha11	
49	Spectrogram 1	1	HS130805-1710-MAN.wav	604.828	604.828078371	607.012190616	47.5	2593.0	2.184	2545.5	77.6	Ha11	
50	Spectrogram 1	1	HS130805-1710-MAN.wav	607.422	607.421711661	609.810584429	8.6	2593.0	2.389	2584.4	89.6	Ha11	
51	Spectrogram 1	1	HS130805-1710-MAN.wav	610.015	610.015344952	619.673216284	73.5	2575.7	9.658	2502.3	75.9	Ha13	
52	Spectrogram 1	1	HS130805-1710-MAN.wav	621.202	621.201592173	631.371364812	293.4	3673.2	10.170	3379.8	60.5	Ec21	
53	Spectrogram 1	1	HS130805-1710-MAN.wav	632.327	632.326913920	642.633193574	287.3	3624.3	10.306	3337.1	63.9	Ec21	
54	Spectrogram 1	1	HS130805-1710-MAN.wav	643.085	643.084932723	696.493302457	152.8	3593.8	53.408	3441.0	69.6	Ed131	
55	Spectrogram 1	1	HS130805-1710-MAN.wav	697.610	697.610387614	708.121427792	201.7	3544.9	10.511	3343.2	70.2	Ed12	
56	Spectrogram 1	1	HS130805-1710-MAN.wav	709.135	709.135372399	714.800413533	103.9	3642.7	5.665	3538.8	71.2	Ed11	
57	Spectrogram 1	1	HS130805-1710-MAN.wav	715.449	715.448821856	721.728144559	110.0	3679.3	6.279	3569.3	67.2	Ed11	
58	Spectrogram 1	1	HS130805-1710-MAN.wav	722.239	722.238783531	727.767317650	152.8	3667.1	5.529	3514.3	68.5	Gb11	
59	Spectrogram 1	1	HS130805-1710-MAN.wav	728.382	728.381599219	734.319654384	79.5	3667.1	5.938	3587.6	71.7	Gb11	
60	Spectrogram 1	1	HS130805-1710-MAN.wav	734.832	734.831555691	740.906117872	61.1	3630.4	6.075	3569.3	75.8	Gb11	
61	Spectrogram 1	1	HS130805-1710-MAN.wav	741.623	741.622779702	747.219567329	165.0	3642.7	5.597	3477.6	67.6	Gb11	
62	Spectrogram 1	1	HS130805-1710-MAN.wav	747.663	747.663215129	753.328256263	110.0	3624.3	5.665	3514.3	69.9	Gb11	
63	Spectrogram 1	1	HS130805-1710-MAN.wav	754.041	754.040874988	759.467028846	97.8	3612.1	5.426	3514.3	73.2	Gb11	
64	Spectrogram 1	1	HS130805-1710-MAN.wav	760.593	760.593211722	766.497140134	97.8	3618.2	5.904	3520.4	70.1	Gb11	
65	Spectrogram 1	1	HS130805-1710-MAN.wav	767.065	767.064909535	771.535514285	85.6	3612.1	4.471	3526.5	69.7	Gb11	
66	Spectrogram 1	1	HS130805-1710-MAN.wav	772.252	772.252176116	777.575949712	18.3	3575.4	5.324	3557.1	83.4	Gb11	
67	Spectrogram 1	1	HS130805-1710-MAN.wav	778.088	778.087851019	784.333046969	73.3	3624.3	6.245	3551.0	70.3	Gb11	
68	Spectrogram 1	1	HS130805-1710-MAN.wav	785.536	785.535574538	791.849023995	103.9	3599.9	6.313	3496.0	65.8	Gb11	
69	Spectrogram 1	1	HS130805-1710-MAN.wav	792.702	792.702192841	798.401360729	103.9	3618.2	5.699	3514.3	68.8	Gb11	
70	Spectrogram 1	1	HS130805-1710-MAN.wav	799.152	799.152149313	804.680683433	61.1	3654.9	5.529	3593.8	73.1	Gb11	
71	Spectrogram 1	1	HS130805-1710-MAN.wav	805.345	805.344513707	811.180188611	73.3	3612.1	5.836	3538.8	82.7	Gb11	
72	Spectrogram 1	1	HS130805-1710-MAN.wav	811.556	811.555582903	815.548413100	48.9	3624.3	3.993	3575.4	83.1	Gb11	
73	Spectrogram 1	1	HS130805-1710-MAN.wav	816.197	816.196821423	820.633299420	67.2	3642.7	4.436	3575.4	73.0	Gb11	
74	Spectrogram 1	1	HS130805-1710-MAN.wav	821.145	821.145200727	835.683197856	91.7	3636.5	14.538	3544.9	67.2	Gb13	
75	Spectrogram 1	1	HS130805-1710-MAN.wav	836.737	836.737337482	842.573012385	85.6	3599.9	5.836	3514.3	67.5	Gb11	
76	Spectrogram 1	1	HS130805-1710-MAN.wav	843.017	843.016660185	847.316631167	0.0	3654.9	4.300	3654.9	93.3	Gb11	
77	Spectrogram 1	1	HS130805-1710-MAN.wav	848.075	848.075004091	853.330524180	61.1	3636.5	5.256	3575.4	73.0	Ga11	
78	Spectrogram 1	1	HS130805-1710-MAN.wav	854.081	854.081312764	859.370959606	0.0	3551.0	5.290	3551.0	89.1	Ga11	
79	Spectrogram 1	1	HS130805-1710-MAN.wav	859.815	859.814607406	864.080451634	0.0	3551.0	4.266	3551.0	88.5	Ga11	
80	Spectrogram 1	1	HS130805-1710-MAN.wav	864.285	864.285212157	868.892323923	24.4	3544.9	4.607	3520.4	81.7	Ga11	
81	Spectrogram 1	1	HS130805-1710-MAN.wav	869.370	869.370098477	873.431182182	6.1	3532.6	4.061	3526.5	85.9	Ga11	
82	Spectrogram 1	1	HS130805-1710-MAN.wav	873.858	873.858425192	887.850394259	48.9	3532.6	13.992	3483.7	72.5	Ga13	
83	Spectrogram 1	1	HS130805-1710-MAN.wav	888.431	888.430549074	893.447181886	67.2	3563.2	5.017	3496.0	73.9	Ga11	
84	Spectrogram 1	1	HS130805-1710-MAN.wav	894.505	894.505111255	898.975716006	12.2	3544.9	4.471	3532.6	85.6	Ga11	
85	Spectrogram 1	1	HS130805-1710-MAN.wav	899.385	899.385237052	903.855841802	73.3	3587.6	4.471	3514.3	67.0	Ga11	
86	Spectrogram 1	1	HS130805-1710-MAN.wav	904.095	904.094729079	907.985179015	48.9	3587.6	3.890	3538.8	73.9	Ga11	
