Selection	View	Channel	Begin File	Begin Clock Time	Begin Time (s)	End Time (s)	Low Freq (Hz)	High Freq (Hz)	Delta Time (s)	Delta Freq (Hz)	Avg Power (dB)	Category	Comment
122	Spectrogram 1	1	HS140716-1131-ESM.wav	1008.243	1008.242769603	1013.737176969	0.0	3696.9	5.494	3696.9	76.1	Kc11	
123	Spectrogram 1	1	HS140716-1131-ESM.wav	1014.386	1014.385585291	1019.743485641	6.2	3715.5	5.358	3709.3	79.3	Kc11	
124	Spectrogram 1	1	HS140716-1131-ESM.wav	1020.195	1020.195224626	1025.757885499	0.0	3703.1	5.563	3703.1	77.1	Kc11	
125	Spectrogram 1	1	HS140716-1131-ESM.wav	1025.929	1025.928519269	1031.457053388	0.0	3690.8	5.529	3690.8	80.2	Kc11	
126	Spectrogram 1	1	HS140716-1131-ESM.wav	1032.140	1032.139588464	1046.404571562	0.0	3616.7	14.265	3616.7	80.0	Av211	
127	Spectrogram 1	1	HS140716-1131-ESM.wav	1047.317	1047.317149690	1051.617120672	37.0	3696.9	4.300	3659.9	69.5	Kc11	
128	Spectrogram 1	1	HS140716-1131-ESM.wav	1052.129	1052.129021979	1054.722655270	43.2	3635.2	2.594	3592.0	71.2	Fb11	
129	Spectrogram 1	1	HS140716-1131-ESM.wav	1055.166	1055.166303069	1066.120991047	67.9	3604.4	10.955	3536.5	63.7	Fb13	
130	Spectrogram 1	1	HS140716-1131-ESM.wav	1067.281	1067.281300677	1070.318581767	0.0	3629.0	3.037	3629.0	76.6	Fb11	
131	Spectrogram 1	1	HS140716-1131-ESM.wav	1071.684	1071.683651920	1075.028073794	67.9	3629.0	3.344	3561.2	69.0	Fb11	
132	Spectrogram 1	1	HS140716-1131-ESM.wav	1076.325	1076.324890440	1082.740720159	43.2	3536.5	6.416	3493.3	69.3	Fb12	
133	Spectrogram 1	1	HS140716-1131-ESM.wav	1083.012	1083.012221058	1085.571727595	18.5	2974.8	2.560	2956.3	74.4	Fb11	
134	Spectrogram 1	1	HS140716-1131-ESM.wav	1086.323	1086.322516179	1089.120909993	0.0	2937.8	2.798	2937.8	81.1	Fb11	
135	Spectrogram 1	1	HS140716-1131-ESM.wav	1089.530	1089.530431039	1091.748670037	0.0	2845.2	2.218	2845.2	81.5	Fb11	
136	Spectrogram 1	1	HS140716-1131-ESM.wav	1091.851	1091.851050299	1103.044625553	18.5	2740.3	11.194	2721.8	74.4	Fb13	
137	Spectrogram 1	1	HS140716-1131-ESM.wav	1104.103	1104.102554921	1106.730314966	12.3	2832.9	2.628	2820.5	74.9	Jb11	
138	Spectrogram 1	1	HS140716-1131-ESM.wav	1108.368	1108.368399149	1111.917581547	0.0	2981.0	3.549	2981.0	76.5	Jb11	
139	Spectrogram 1	1	HS140716-1131-ESM.wav	1112.600	1112.600116623	1115.808031483	12.3	2987.2	3.208	2974.8	74.2	Jb11	
140	Spectrogram 1	1	HS140716-1131-ESM.wav	1117.890	1117.889763466	1121.029424818	37.0	2956.3	3.140	2919.3	67.9	Jb11	
141	Spectrogram 1	1	HS140716-1131-ESM.wav	1122.313	1122.313351727	1125.555393340	67.9	3005.7	3.242	2937.8	67.2	Jb11	
142	Spectrogram 1	1	HS140716-1131-ESM.wav	1126.101	1126.101421401	1129.343463014	6.2	3061.2	3.242	3055.1	79.2	Jb11	
143	Spectrogram 1	1	HS140716-1131-ESM.wav	1130.026	1130.025998091	1132.995025673	0.0	3067.4	2.969	3067.4	80.0	Jb11	
144	Spectrogram 1	1	HS140716-1131-ESM.wav	1133.609	1133.609307242	1136.578334825	0.0	3116.8	2.969	3116.8	78.7	Jb11	
145	Spectrogram 1	1	HS140716-1131-ESM.wav	1136.885	1136.885475609	1140.298150992	0.0	3135.3	3.413	3135.3	76.6	Jb11	
146	Spectrogram 1	1	HS140716-1131-ESM.wav	1140.639	1140.639418530	1153.095683675	0.0	3098.3	12.456	3098.3	77.2	Jb31	
147	Spectrogram 1	1	HS140716-1131-ESM.wav	1154.401	1154.400845198	1157.779393826	24.7	3098.3	3.379	3073.6	69.3	Jb11	
148	Spectrogram 1	1	HS140716-1131-ESM.wav	1159.452	1159.451604764	1162.079364808	0.0	3332.8	2.628	3332.8	80.2	Jb11	
149	Spectrogram 1	1	HS140716-1131-ESM.wav	1163.581	1163.580941976	1166.447589297	0.0	3135.3	2.867	3135.3	77.2	Jb11	
150	Spectrogram 1	1	HS140716-1131-ESM.wav	1167.983	1167.983293219	1170.611053264	0.0	3129.1	2.628	3129.1	77.2	Jb11	
151	Spectrogram 1	1	HS140716-1131-ESM.wav	1171.123	1171.122954571	1174.160235661	0.0	3104.4	3.037	3104.4	80.4	Jb11	
152	Spectrogram 1	1	HS140716-1131-ESM.wav	1174.911	1174.911024246	1177.061009736	0.0	3073.6	2.150	3073.6	77.2	Jb11	
153	Spectrogram 1	1	HS140716-1131-ESM.wav	1177.539	1177.538784290	1180.268924596	0.0	3116.8	2.730	3116.8	75.4	Jb11	
154	Spectrogram 1	1	HS140716-1131-ESM.wav	1180.548	1180.548260584	1195.700539282	30.9	2968.7	15.152	2937.8	70.1	Jb41	
155	Spectrogram 1	1	HS140716-1131-ESM.wav	1197.339	1197.339381315	1199.489366806	0.0	2931.6	2.150	2931.6	74.3	Ja11	
156	Spectrogram 1	1	HS140716-1131-ESM.wav	1201.093	1201.093324235	1204.301239095	0.0	2931.6	3.208	2931.6	76.6	Ja11	
157	Spectrogram 1	1	HS140716-1131-ESM.wav	1205.427	1205.427421971	1209.044857876	0.0	2888.4	3.617	2888.4	77.3	Ja11	
158	Spectrogram 1	1	HS140716-1131-ESM.wav	1210.657	1210.656653128	1212.738385111	0.0	2876.1	2.082	2876.1	80.0	Ja11	
159	Spectrogram 1	1	HS140716-1131-ESM.wav	1213.489	1213.489173695	1215.502652171	0.0	2925.5	2.013	2925.5	78.2	Ja11	
160	Spectrogram 1	1	HS140716-1131-ESM.wav	1215.810	1215.809792955	1218.096285461	0.0	2974.8	2.286	2974.8	87.5	Ja1	
161	Spectrogram 1	1	HS140716-1131-ESM.wav	1218.489	1218.489124460	1228.761277360	24.7	3215.5	10.272	3190.8	70.2	Ja13	
162	Spectrogram 1	1	HS140716-1131-ESM.wav	1230.337	1230.337400502	1265.999858247	228.4	3530.3	35.662	3301.9	62.3	?	
163	Spectrogram 1	1	HS140716-1131-ESM.wav	1266.635	1266.634618820	1273.767110369	351.8	3536.5	7.132	3184.7	65.4	Id21	
164	Spectrogram 1	1	HS140716-1131-ESM.wav	1274.108	1274.108377907	1278.374222135	333.3	3561.2	4.266	3227.9	65.4	Id11	
165	Spectrogram 1	1	HS140716-1131-ESM.wav	1278.579	1278.578982658	1281.889277779	179.0	3610.5	3.310	3431.5	66.0	Id11	
166	Spectrogram 1	1	HS140716-1131-ESM.wav	1282.401	1282.401179086	1286.086868499	197.5	3573.5	3.686	3376.0	70.8	Id11	
167	Spectrogram 1	1	HS140716-1131-ESM.wav	1286.633	1286.632896560	1289.294783358	154.3	3696.9	2.662	3542.6	64.4	Id11	
168	Spectrogram 1	1	HS140716-1131-ESM.wav	1289.875	1289.874938173	1293.833641617	80.2	3585.8	3.959	3505.6	70.5	Id11	
169	Spectrogram 1	1	HS140716-1131-ESM.wav	1294.141	1294.140782401	1296.802669200	277.7	3592.0	2.662	3314.3	74.3	Id11	
170	Spectrogram 1	1	HS140716-1131-ESM.wav	1297.233	1297.233173571	1311.395776408	222.2	3555.0	14.163	3332.8	71.2	Ia4	
171	Spectrogram 1	1	HS140716-1131-ESM.wav	1312.040	1312.040141460	1317.466295318	185.2	3542.6	5.426	3357.5	70.1	Ar11	
172	Spectrogram 1	1	HS140716-1131-ESM.wav	1318.319	1318.319464164	1324.052758806	197.5	3585.8	5.733	3388.3	72.9	Ar11	
173	Spectrogram 1	1	HS140716-1131-ESM.wav	1324.872	1324.871800898	1330.673349048	61.7	3561.2	5.802	3499.4	72.0	Ar11	
174	Spectrogram 1	1	HS140716-1131-ESM.wav	1332.004	1332.004292447	1337.874094104	222.2	3530.3	5.870	3308.1	71.8	Ar11	
175	Spectrogram 1	1	HS140716-1131-ESM.wav	1338.666	1338.666089250	1344.740651430	123.4	3505.6	6.075	3382.2	72.1	Ar11	
176	Spectrogram 1	1	HS140716-1131-ESM.wav	1345.355	1345.354932999	1351.327114918	86.4	3561.2	5.972	3474.8	71.2	Ar11	
177	Spectrogram 1	1	HS140716-1131-ESM.wav	1351.907	1351.907269733	1368.117477799	0.0	3622.9	16.210	3622.9	74.4	Ar31	
178	Spectrogram 1	1	HS140716-1131-ESM.wav	1368.622	1368.621797382	1373.638430194	98.7	3622.9	5.017	3524.1	72.9	Ar11	
179	Spectrogram 1	1	HS140716-1131-ESM.wav	1374.628	1374.628106055	1380.429654205	111.1	3567.3	5.802	3456.2	71.8	Ar11	
180	Spectrogram 1	1	HS140716-1131-ESM.wav	1381.044	1381.043935773	1386.981990939	12.3	3585.8	5.938	3573.5	82.6	Ar11	
181	Spectrogram 1	1	HS140716-1131-ESM.wav	1387.494	1387.493892246	1393.397820657	74.1	3561.2	5.904	3487.1	72.0	Ar11	
1	Spectrogram 1	1	HS140716-1131-ESM.wav	1393.955	1393.954975187	1408.936620116	0.0	3536.5	14.982	3536.5	78.8	Ar11	
2	Spectrogram 1	1	HS140716-1131-ESM.wav	1409.517	1409.516774930	1415.591337111	80.2	3610.5	6.075	3530.3	70.6	Ar11	
3	Spectrogram 1	1	HS140716-1131-ESM.wav	1502.257	1502.256838055	1505.430626161	61.7	3203.2	3.174	3141.5	73.6	Kc11	
4	Spectrogram 1	1	HS140716-1131-ESM.wav	1506.659	1506.659189298	1510.515512480	111.1	2789.7	3.856	2678.6	70.2	Kc11	
5	Spectrogram 1	1	HS140716-1131-ESM.wav	1510.925	1510.925033526	1514.440089170	30.9	2555.1	3.515	2524.3	70.6	Kc11	
6	Spectrogram 1	1	HS140716-1131-ESM.wav	1514.804	1514.803856062	1527.669642254	0.0	2616.9	12.866	2616.9	78.0	Kc13	
7	Spectrogram 1	1	HS140716-1131-ESM.wav	1529.137	1529.137092668	1533.266429881	37.0	2363.8	4.129	2326.8	67.0	Kc11	
8	Spectrogram 1	1	HS140716-1131-ESM.wav	1534.905	1534.904514064	1539.511625830	0.0	2431.7	4.607	2431.7	80.4	Kc11	
9	Spectrogram 1	1	HS140716-1131-ESM.wav	1540.297	1540.296541168	1545.142540211	30.9	2740.3	4.846	2709.4	72.4	Kc11	
10	Spectrogram 1	1	HS140716-1131-ESM.wav	1545.825	1545.825075288	1551.080595376	55.5	2882.3	5.256	2826.7	65.1	Kc11	
11	Spectrogram 1	1	HS140716-1131-ESM.wav	1551.635	1551.634968595	1556.310333869	67.9	2950.1	4.675	2882.3	65.2	Kc11	
12	Spectrogram 1	1	HS140716-1131-ESM.wav	1557.588	1557.587941719	1560.215701763	49.4	2802.0	2.628	2752.6	64.2	Fb11	
13	Spectrogram 1	1	HS140716-1131-ESM.wav	1561.001	1561.000617101	1564.037898191	18.5	2814.4	3.037	2795.8	69.4	Fb11	
14	Spectrogram 1	1	HS140716-1131-ESM.wav	1564.311	1564.310912222	1579.838585211	55.5	2808.2	15.528	2752.6	64.8	Fb14	
15	Spectrogram 1	1	HS140716-1131-ESM.wav	1580.868	1580.868456092	1584.656525766	123.4	2734.1	3.788	2610.7	65.4	Jb11	
16	Spectrogram 1	1	HS140716-1131-ESM.wav	1585.612	1585.612074873	1589.297764286	166.6	2734.1	3.686	2567.5	66.0	Jb11	
17	Spectrogram 1	1	HS140716-1131-ESM.wav	1590.458	1590.458073916	1593.904876052	80.2	2721.8	3.447	2641.6	65.8	Jb11	
18	Spectrogram 1	1	HS140716-1131-ESM.wav	1594.656	1594.655664636	1600.115945248	49.4	2505.8	5.460	2456.4	65.4	Jb11	
19	Spectrogram 1	1	HS140716-1131-ESM.wav	1600.491	1600.491339540	1603.528620630	98.7	2542.8	3.037	2444.1	62.7	Ja11	
20	Spectrogram 1	1	HS140716-1131-ESM.wav	1604.245	1604.245282461	1607.350817058	0.0	2462.6	3.106	2462.6	77.7	Ja11	
21	Spectrogram 1	1	HS140716-1131-ESM.wav	1607.894	1607.893560203	1632.533076463	30.9	1826.9	24.640	1796.0	69.1	Jb61	
22	Spectrogram 1	1	HS140716-1131-ESM.wav	1633.462	1633.462085679	1637.830310169	6.2	2888.4	4.368	2882.3	83.1	Jb11	
23	Spectrogram 1	1	HS140716-1131-ESM.wav	1638.479	1638.478718491	1642.471548689	0.0	2388.5	3.993	2388.5	79.8	Jb11	
24	Spectrogram 1	1	HS140716-1131-ESM.wav	1643.152	1643.152314413	1647.725299425	30.5	2452.7	4.573	2422.1	68.1	Jb11	
25	Spectrogram 1	1	HS140716-1131-ESM.wav	1648.032	1648.032440210	1651.274481823	52.4	2461.4	3.242	2409.0	69.0	Jb11	
26	Spectrogram 1	1	HS140716-1131-ESM.wav	1651.479	1651.479242346	1653.833988360	0.0	2426.5	2.355	2426.5	78.9	Jb11	
27	Spectrogram 1	1	HS140716-1131-ESM.wav	1654.175	1654.175255898	1670.385463964	26.2	2365.4	16.210	2339.2	70.5	Jb41	
28	Spectrogram 1	1	HS140716-1131-ESM.wav	1671.530	1671.529849725	1674.806018092	8.7	2387.2	3.276	2378.5	73.9	Jb11	
29	Spectrogram 1	1	HS140716-1131-ESM.wav	1675.830	1675.829820707	1679.822650904	0.0	2369.7	3.993	2369.7	79.4	Jb11	
30	Spectrogram 1	1	HS140716-1131-ESM.wav	1681.017	1681.017087288	1685.624199054	0.0	2313.0	4.607	2313.0	80.7	Jb11	
31	Spectrogram 1	1	HS140716-1131-ESM.wav	1686.204	1686.204353869	1689.617029251	4.4	2299.9	3.413	2295.5	77.7	Jb11	
32	Spectrogram 1	1	HS140716-1131-ESM.wav	1689.992	1689.992423543	1693.097958141	0.0	2265.0	3.106	2265.0	77.7	Jb11	
33	Spectrogram 1	1	HS140716-1131-ESM.wav	1693.530	1693.530232069	1696.226245621	0.0	2234.4	2.696	2234.4	78.7	Jb11	
34	Spectrogram 1	1	HS140716-1131-ESM.wav	1696.602	1696.601639913	1711.856298872	0.0	2221.4	15.255	2221.4	81.5	Jb41	
35	Spectrogram 1	1	HS140716-1131-ESM.wav	1713.358	1713.357876040	1716.941185192	0.0	2225.7	3.583	2225.7	77.5	Jb11	
36	Spectrogram 1	1	HS140716-1131-ESM.wav	1718.033	1718.033241314	1720.934015389	0.0	2195.2	2.901	2195.2	80.1	Jb11	
37	Spectrogram 1	1	HS140716-1131-ESM.wav	1721.719	1721.718930727	1725.677634171	0.0	2247.5	3.959	2247.5	78.0	Ja11	
38	Spectrogram 1	1	HS140716-1131-ESM.wav	1726.079	1726.078562114	1729.286476973	39.3	2212.6	3.208	2173.4	68.8	Ja11	
39	Spectrogram 1	1	HS140716-1131-ESM.wav	1730.174	1730.173772573	1733.313433924	21.8	2186.4	3.140	2164.6	70.7	Ja11	
40	Spectrogram 1	1	HS140716-1131-ESM.wav	1733.996	1733.995969001	1736.282461507	0.0	2221.4	2.286	2221.4	77.9	Ja11	
41	Spectrogram 1	1	HS140716-1131-ESM.wav	1736.521	1736.521348784	1739.217362336	0.0	2238.8	2.696	2238.8	77.3	Ja11	
42	Spectrogram 1	1	HS140716-1131-ESM.wav	1739.615	1739.614751660	1754.664650096	0.0	2273.7	15.050	2273.7	78.8	Ja41	
43	Spectrogram 1	1	HS140716-1131-ESM.wav	1755.552	1755.551945695	1759.749536416	0.0	2282.5	4.198	2282.5	77.4	Ja11	
44	Spectrogram 1	1	HS140716-1131-ESM.wav	1760.432	1760.432071492	1764.083634151	0.0	2387.2	3.652	2387.2	81.2	Ja11	
45	Spectrogram 1	1	HS140716-1131-ESM.wav	1765.961	1765.960605612	1768.588365656	0.0	2343.6	2.628	2343.6	77.8	Ja11	
46	Spectrogram 1	1	HS140716-1131-ESM.wav	1769.984	1769.983519457	1773.430321593	0.0	2334.8	3.447	2334.8	77.3	Ja11	
47	Spectrogram 1	1	HS140716-1131-ESM.wav	1773.806	1773.805715885	1777.081884252	0.0	2334.8	3.276	2334.8	77.4	Ja11	
48	Spectrogram 1	1	HS140716-1131-ESM.wav	1778.003	1778.003306605	1781.177094711	0.0	2352.3	3.174	2352.3	78.3	Ja11	
49	Spectrogram 1	1	HS140716-1131-ESM.wav	1781.518	1781.518362249	1784.419136324	0.0	2361.0	2.901	2361.0	77.0	Ja11	
50	Spectrogram 1	1	HS140716-1131-ESM.wav	1784.946	1784.946459747	1799.825724414	0.0	2347.9	14.879	2347.9	80.5	Ja41	
51	Spectrogram 1	1	HS140716-1131-ESM.wav	1801.668	1801.668064470	1804.602965298	0.0	2378.5	2.935	2378.5	85.5	Ja11	
52	Spectrogram 1	1	HS140716-1131-ESM.wav	1806.207	1806.206922728	1809.005316542	0.0	2443.9	2.798	2443.9	77.8	Ja11	
53	Spectrogram 1	1	HS140716-1131-ESM.wav	1810.029	1810.029119156	1813.202907262	39.3	2439.6	3.174	2400.3	67.8	Ja11	
54	Spectrogram 1	1	HS140716-1131-ESM.wav	1814.158	1814.158456369	1816.888596675	0.0	2461.4	2.730	2461.4	75.9	Ja11	
55	Spectrogram 1	1	HS140716-1131-ESM.wav	1817.742	1817.741765520	1820.676666349	30.5	2443.9	2.935	2413.4	68.0	Ar31	
56	Spectrogram 1	1	HS140716-1131-ESM.wav	1821.018	1821.017933887	1823.577440424	4.4	2404.7	2.560	2400.3	77.2	Ja11	
57	Spectrogram 1	1	HS140716-1131-ESM.wav	1824.123	1824.123468485	1826.068693453	4.4	2409.0	1.945	2404.7	75.1	Ja11	
58	Spectrogram 1	1	HS140716-1131-ESM.wav	1826.250	1826.250199177	1828.229550899	69.8	2395.9	1.979	2326.1	67.3	Ja11	
59	Spectrogram 1	1	HS140716-1131-ESM.wav	1837.556	1837.555761577	1851.991378444	266.2	2605.4	14.436	2339.2	64.5	Id21	
60	Spectrogram 1	1	HS140716-1131-ESM.wav	1861.553	1861.552686986	1875.169261761	302.4	3462.4	13.617	3160.0	67.2	Id31	
61	Spectrogram 1	1	HS140716-1131-ESM.wav	1875.613	1875.612909561	1879.196218713	364.1	3567.3	3.583	3203.2	67.6	Id11	
62	Spectrogram 1	1	HS140716-1131-ESM.wav	1880.175	1880.175278387	1889.381465464	259.2	3480.9	9.206	3221.7	65.6	Id21	
63	Spectrogram 1	1	HS140716-1131-ESM.wav	1890.166	1890.166380802	1892.896521107	135.8	3345.1	2.730	3209.4	68.4	Id11	
64	Spectrogram 1	1	HS140716-1131-ESM.wav	1893.408	1893.408422415	1896.206816228	179.0	3468.6	2.798	3289.6	71.9	Id11	
65	Spectrogram 1	1	HS140716-1131-ESM.wav	1897.371	1897.371425061	1902.319804365	154.3	3542.6	4.948	3388.3	67.9	Id11	
66	Spectrogram 1	1	HS140716-1131-ESM.wav	1902.832	1902.831705672	1904.913437656	67.9	3536.5	2.082	3468.6	72.4	Id11	
67	Spectrogram 1	1	HS140716-1131-ESM.wav	1906.074	1906.073747286	1910.885619575	172.8	3573.5	4.812	3400.7	72.4	Id12	
68	Spectrogram 1	1	HS140716-1131-ESM.wav	1911.193	1911.192760359	1913.991154173	148.1	3542.6	2.798	3394.5	73.4	Id11	
69	Spectrogram 1	1	HS140716-1131-ESM.wav	1914.637	1914.637288617	1927.741962085	228.4	3585.8	13.105	3357.5	70.9	Ia4	
70	Spectrogram 1	1	HS140716-1131-ESM.wav	1928.804	1928.804444184	1934.879006364	148.1	3536.5	6.075	3388.3	68.8	Ar11	
71	Spectrogram 1	1	HS140716-1131-ESM.wav	1935.562	1935.561541441	1941.294836083	123.4	3542.6	5.733	3419.2	71.7	Ar11	
72	Spectrogram 1	1	HS140716-1131-ESM.wav	1942.011	1942.011497913	1948.290820617	24.7	3604.4	6.279	3579.7	72.5	Ar11	
73	Spectrogram 1	1	HS140716-1131-ESM.wav	1948.837	1948.836848678	1955.286805151	185.2	3585.8	6.450	3400.7	73.7	Ar11	
74	Spectrogram 1	1	HS140716-1131-ESM.wav	1955.969	1955.969340227	1962.453423454	142.0	3616.7	6.484	3474.8	71.0	Ar11	
75	Spectrogram 1	1	HS140716-1131-ESM.wav	1963.151	1963.150596632	1969.054525044	179.0	3579.7	5.904	3400.7	73.0	Ar11	
76	Spectrogram 1	1	HS140716-1131-ESM.wav	1970.317	1970.317214935	1976.425903869	61.7	3555.0	6.109	3493.3	70.8	Ar11	
77	Spectrogram 1	1	HS140716-1131-ESM.wav	1977.381	1977.381452976	1983.353634896	55.5	3511.8	5.972	3456.2	74.4	Ar11	
78	Spectrogram 1	1	HS140716-1131-ESM.wav	1984.275	1984.275057249	2000.075744269	61.7	3518.0	15.801	3456.2	69.5	Ar31	
79	Spectrogram 1	1	HS140716-1131-ESM.wav	2000.652	2000.652109342	2005.873502676	49.4	3530.3	5.221	3480.9	75.1	Ar11	
80	Spectrogram 1	1	HS140716-1131-ESM.wav	2007.006	2007.005500290	2012.602287917	98.7	2684.8	5.597	2586.0	74.5	Ar11	
81	Spectrogram 1	1	HS140716-1131-ESM.wav	2013.455	2013.455456763	2018.096695283	104.9	2666.2	4.641	2561.3	74.2	Ar11	
82	Spectrogram 1	1	HS140716-1131-ESM.wav	2018.506	2018.506216329	2023.045074587	49.4	2660.1	4.539	2610.7	77.3	Ar11	
83	Spectrogram 1	1	HS140716-1131-ESM.wav	2024.171	2024.171257463	2038.265606792	98.7	2672.4	14.094	2573.7	72.9	Ar31	
84	Spectrogram 1	1	HS140716-1131-ESM.wav	2039.495	2039.495183877	2044.409436427	74.1	2653.9	4.914	2579.8	75.9	Ar11	
85	Spectrogram 1	1	HS140716-1131-ESM.wav	2045.467	2045.467365796	2050.791139392	142.0	2598.3	5.324	2456.4	76.2	Ar11	
86	Spectrogram 1	1	HS140716-1131-ESM.wav	2051.576	2051.576054730	2056.046659481	80.2	2549.0	4.471	2468.7	77.6	Ar11	
87	Spectrogram 1	1	HS140716-1131-ESM.wav	2056.524	2056.524434034	2061.097419047	61.7	2567.5	4.573	2505.8	75.9	Ar11	
88	Spectrogram 1	1	HS140716-1131-ESM.wav	2061.797	2061.797145466	2076.130382072	67.9	2542.8	14.333	2474.9	73.6	Ar31	
89	Spectrogram 1	1	HS140716-1131-ESM.wav	2076.700	2076.700174228	2081.750933794	37.0	2536.6	5.051	2499.6	75.9	Kc11	
90	Spectrogram 1	1	HS140716-1131-ESM.wav	2082.638	2082.638229394	2087.484228436	117.3	2573.7	4.846	2456.4	76.0	Kc11	
91	Spectrogram 1	1	HS140716-1131-ESM.wav	2088.747	2088.746918328	2093.046889310	55.5	2567.5	4.300	2511.9	75.9	Kc11	
92	Spectrogram 1	1	HS140716-1131-ESM.wav	2093.593	2093.592917371	2098.302409398	86.4	2536.6	4.709	2450.2	76.7	Kc11	
93	Spectrogram 1	1	HS140716-1131-ESM.wav	2099.121	2099.121451490	2103.421422472	18.5	2487.3	4.300	2468.7	84.7	Kc11	
94	Spectrogram 1	1	HS140716-1131-ESM.wav	2104.631	2104.631027444	2117.633320650	61.7	2493.4	13.002	2431.7	74.9	Av211	
95	Spectrogram 1	1	HS140716-1131-ESM.wav	809.651	809.651366019	816.817984322	30.9	3604.4	7.167	3573.5	73.3	Ar11	
96	Spectrogram 1	1	HS140716-1131-ESM.wav	817.705	817.705279922	824.598884194	86.4	3585.8	6.894	3499.4	73.2	Ar11	
97	Spectrogram 1	1	HS140716-1131-ESM.wav	825.145	825.144912255	831.321854697	30.9	3647.6	6.177	3616.7	74.5	Ar11	
98	Spectrogram 1	1	HS140716-1131-ESM.wav	831.653	831.652759577	837.932082280	129.6	3672.3	6.279	3542.6	73.5	Ar11	
99	Spectrogram 1	1	HS140716-1131-ESM.wav	838.615	838.614617356	844.143151476	117.3	3709.3	5.529	3592.0	74.3	Ar11	
100	Spectrogram 1	1	HS140716-1131-ESM.wav	844.775	844.775382402	850.508677044	0.0	3696.9	5.733	3696.9	78.7	Ar11	
101	Spectrogram 1	1	HS140716-1131-ESM.wav	851.294	851.293592382	866.923645633	123.4	3666.1	15.630	3542.6	72.8	Ar11	
102	Spectrogram 1	1	HS140716-1131-ESM.wav	867.375	867.374880296	873.347062215	61.7	3666.1	5.972	3604.4	74.0	Ar11	
103	Spectrogram 1	1	HS140716-1131-ESM.wav	874.200	874.200231061	879.489877903	30.9	3647.6	5.290	3616.7	76.1	Ar11	
104	Spectrogram 1	1	HS140716-1131-ESM.wav	880.275	880.274793241	885.359679561	80.2	3635.2	5.085	3555.0	76.1	Ar11	
105	Spectrogram 1	1	HS140716-1131-ESM.wav	886.076	886.076341391	891.263607972	67.9	3659.9	5.187	3592.0	75.7	Ar11	
106	Spectrogram 1	1	HS140716-1131-ESM.wav	892.151	892.150903572	906.961914731	67.9	3659.9	14.811	3592.0	71.8	Ar11	
107	Spectrogram 1	1	HS140716-1131-ESM.wav	908.093	908.092650173	913.655311046	74.1	3659.9	5.563	3585.8	72.9	Ar11	
108	Spectrogram 1	1	HS140716-1131-ESM.wav	914.270	914.269592615	917.955282028	49.4	3629.0	3.686	3579.7	70.3	Ar11	
109	Spectrogram 1	1	HS140716-1131-ESM.wav	918.911	918.910831135	922.835407824	37.0	3536.5	3.925	3499.4	67.0	Ar11	
110	Spectrogram 1	1	HS140716-1131-ESM.wav	923.825	923.825083685	927.988547652	0.0	3622.9	4.163	3622.9	78.4	Ar11	
111	Spectrogram 1	1	HS140716-1131-ESM.wav	928.773	928.773462990	933.926602817	0.0	3604.4	5.153	3604.4	78.6	Ar11	
112	Spectrogram 1	1	HS140716-1131-ESM.wav	934.615	934.615459687	939.290824960	49.4	3598.2	4.675	3548.8	72.1	Ar11	
113	Spectrogram 1	1	HS140716-1131-ESM.wav	940.042	940.041613545	945.024119603	0.0	3616.7	4.983	3616.7	85.0	Ar11	
114	Spectrogram 1	1	HS140716-1131-ESM.wav	945.434	945.433640649	949.904245400	142.0	3598.2	4.471	3456.2	68.1	Ar11	
115	Spectrogram 1	1	HS140716-1131-ESM.wav	950.757	950.757414245	964.408115774	43.2	3629.0	13.651	3585.8	71.5	Ar31	
116	Spectrogram 1	1	HS140716-1131-ESM.wav	964.963	964.963499926	970.765048076	74.1	3629.0	5.802	3555.0	70.1	Kc11	
117	Spectrogram 1	1	HS140716-1131-ESM.wav	971.311	971.311076137	976.088821672	0.0	3647.6	4.778	3647.6	77.5	Kc11	
118	Spectrogram 1	1	HS140716-1131-ESM.wav	976.840	976.839610256	981.856243068	0.0	3641.4	5.017	3641.4	78.6	Kc11	
119	Spectrogram 1	1	HS140716-1131-ESM.wav	982.443	982.442943713	987.254816002	61.7	3659.9	4.812	3598.2	76.8	Kc11	
120	Spectrogram 1	1	HS140716-1131-ESM.wav	987.903	987.903224324	992.715096614	123.4	3684.6	4.812	3561.2	76.1	Kc11	
121	Spectrogram 1	1	HS140716-1131-ESM.wav	993.329	993.329378182	1007.560234527	6.2	3709.3	14.231	3703.1	77.8	Av211	
