Selection	View	Channel	Begin File	Begin Clock Time	Begin Time (s)	End Time (s)	Low Freq (Hz)	High Freq (Hz)	Delta Time (s)	Delta Freq (Hz)	Avg Power (dB)	Category	Comment
1	Spectrogram 1	1	HS140723-1157-ESM.wav	5.324	5.323773596	11.022941485	165.0	3716.0	5.699	3551.0	63.0	Id11	
2	Spectrogram 1	1	HS140723-1157-ESM.wav	11.740	11.739603315	17.609404973	207.8	3673.2	5.870	3465.4	71.1	Id11	
3	Spectrogram 1	1	HS140723-1157-ESM.wav	18.258	18.257813295	24.298248722	128.3	3648.8	6.040	3520.5	68.4	Id11	
4	Spectrogram 1	1	HS140723-1157-ESM.wav	24.878	24.878403537	30.168050380	110.0	3551.0	5.290	3441.0	67.9	Id12	
5	Spectrogram 1	1	HS140723-1157-ESM.wav	30.816	30.816458702	34.502148115	177.2	3642.7	3.686	3465.5	68.4	Id12	
6	Spectrogram 1	1	HS140723-1157-ESM.wav	35.082	35.082302930	38.153710774	250.6	3606.0	3.071	3355.4	70.2	Id11	
7	Spectrogram 1	1	HS140723-1157-ESM.wav	39.141	39.141366449	44.396886538	0.0	3642.7	5.256	3642.7	90.7	Id11	
8	Spectrogram 1	1	HS140723-1157-ESM.wav	44.943	44.942914599	48.287336474	238.4	3654.9	3.344	3416.5	68.0	Id11	
9	Spectrogram 1	1	HS140723-1157-ESM.wav	48.936	48.935744796	55.078560485	24.4	3630.4	6.143	3606.0	80.7	Id11	
10	Spectrogram 1	1	HS140723-1157-ESM.wav	55.305	55.305062512	57.898695802	140.6	3606.0	2.594	3465.4	70.2	Id12	
11	Spectrogram 1	1	HS140723-1157-ESM.wav	58.479	58.478850617	62.812948353	158.9	3648.8	4.334	3489.9	67.7	Id11	
12	Spectrogram 1	1	HS140723-1157-ESM.wav	63.871	63.870877721	67.420060119	268.9	3667.1	3.549	3398.2	66.2	Id11	
13	Spectrogram 1	1	HS140723-1157-ESM.wav	68.171	68.170848703	71.378763562	97.8	3703.8	3.208	3606.0	66.7	Id11	
14	Spectrogram 1	1	HS140723-1157-ESM.wav	72.368	72.368439423	76.531903390	134.5	3709.9	4.163	3575.4	65.4	Id11	
15	Spectrogram 1	1	HS140723-1157-ESM.wav	76.976	76.975551189	79.978705526	195.6	3679.3	3.003	3483.7	66.7	Id11	
16	Spectrogram 1	1	HS140723-1157-ESM.wav	80.506	80.506029113	83.133789158	171.1	3648.8	2.628	3477.7	64.8	Id11	
17	Spectrogram 1	1	HS140723-1157-ESM.wav	83.773	83.773097158	89.813532585	140.1	3630.9	6.040	3490.8	60.9	Ar11	
18	Spectrogram 1	1	HS140723-1157-ESM.wav	90.871	90.871461953	97.730939472	188.9	3612.6	6.859	3423.7	58.1	Ar11	
19	Spectrogram 1	1	HS140723-1157-ESM.wav	98.550	98.549981563	104.658670498	152.3	3576.1	6.109	3423.8	59.2	Ar11	
20	Spectrogram 1	1	HS140723-1157-ESM.wav	105.869	105.869286683	112.080355879	109.7	3551.7	6.211	3442.0	60.5	Ar11	
21	Spectrogram 1	1	HS140723-1157-ESM.wav	112.958	112.958046669	119.681017172	85.3	3576.1	6.723	3490.8	60.7	Ar11	
22	Spectrogram 1	1	HS140723-1157-ESM.wav	120.568	120.568312772	127.769057828	121.8	3594.3	7.201	3472.5	61.4	Ar11	
23	Spectrogram 1	1	HS140723-1157-ESM.wav	128.656	128.656353428	135.413450685	60.9	3624.8	6.757	3563.9	64.3	Ar11	
24	Spectrogram 1	1	HS140723-1157-ESM.wav	136.025	136.024700525	142.440530244	158.4	3612.6	6.416	3454.2	65.1	Ar11	
25	Spectrogram 1	1	HS140723-1157-ESM.wav	143.430	143.430206105	150.494444146	73.1	3600.4	7.064	3527.3	66.8	Ar11	
26	Spectrogram 1	1	HS140723-1157-ESM.wav	151.518	151.518246761	158.172963757	73.1	3606.5	6.655	3533.4	69.3	Ar11	
27	Spectrogram 1	1	HS140723-1157-ESM.wav	158.587	158.586784005	178.039033684	48.7	3637.0	19.452	3588.3	67.1	Ar41	
28	Spectrogram 1	1	HS140723-1157-ESM.wav	178.849	178.848978187	184.616399583	85.3	3649.2	5.767	3563.9	69.0	Ar11	
29	Spectrogram 1	1	HS140723-1157-ESM.wav	186.152	186.152103505	191.714764378	36.6	3612.6	5.563	3576.0	77.7	Ar11	
30	Spectrogram 1	1	HS140723-1157-ESM.wav	192.363	192.363172701	197.994087082	18.3	3576.1	5.631	3557.8	79.3	Ar11	
31	Spectrogram 1	1	HS140723-1157-ESM.wav	198.472	198.471861635	204.409916801	115.7	3588.2	5.938	3472.5	69.7	Ar11	
32	Spectrogram 1	1	HS140723-1157-ESM.wav	205.470	205.470122452	220.144626596	73.1	3624.8	14.675	3551.7	75.7	Ar31	
33	Spectrogram 1	1	HS140723-1157-ESM.wav	221.717	221.716733555	227.006380397	73.1	3637.0	5.290	3563.9	71.8	Ar11	
34	Spectrogram 1	1	HS140723-1157-ESM.wav	228.167	228.166690027	233.422210116	36.6	3643.1	5.256	3606.5	72.9	Ar11	
35	Spectrogram 1	1	HS140723-1157-ESM.wav	234.310	234.309505715	239.496772297	60.9	3667.4	5.187	3606.5	70.6	Ar11	
36	Spectrogram 1	1	HS140723-1157-ESM.wav	240.418	240.418194650	246.014982277	73.1	3637.0	5.597	3563.9	70.7	Ar11	
37	Spectrogram 1	1	HS140723-1157-ESM.wav	246.869	246.868911541	260.621993332	67.0	3655.3	13.753	3588.3	71.8	Ar31	
38	Spectrogram 1	1	HS140723-1157-ESM.wav	262.088	262.088181246	267.582588611	60.9	3643.1	5.494	3582.2	69.1	Ar11	
39	Spectrogram 1	1	HS140723-1157-ESM.wav	268.368	268.367503949	272.940488961	60.9	3649.2	4.573	3588.3	68.9	Ar11	
40	Spectrogram 1	1	HS140723-1157-ESM.wav	274.300	274.299970982	279.623744578	107.7	2584.7	5.324	2477.0	70.4	Ar11	
41	Spectrogram 1	1	HS140723-1157-ESM.wav	280.067	280.067392378	285.698306759	81.8	2571.7	5.631	2489.9	69.4	Ar11	
42	Spectrogram 1	1	HS140723-1157-ESM.wav	286.756	286.756236127	291.499854909	60.3	2558.8	4.744	2498.5	68.6	Ar11	
43	Spectrogram 1	1	HS140723-1157-ESM.wav	292.114	292.114136477	296.482360967	60.3	2589.0	4.368	2528.7	73.1	Ar11	
44	Spectrogram 1	1	HS140723-1157-ESM.wav	297.438	297.437910074	311.498132649	34.5	2576.0	14.060	2541.5	77.8	Ar31	
45	Spectrogram 1	1	HS140723-1157-ESM.wav	312.095	312.094971635	316.940970678	38.8	2580.3	4.846	2541.5	71.1	Ar11	
46	Spectrogram 1	1	HS140723-1157-ESM.wav	318.272	318.271914077	322.230617521	25.8	2520.0	3.959	2494.2	75.1	Ar11	
47	Spectrogram 1	1	HS140723-1157-ESM.wav	323.289	323.288546889	327.690898133	60.3	2593.3	4.402	2533.0	70.8	Ar11	
48	Spectrogram 1	1	HS140723-1157-ESM.wav	328.817	328.817081009	333.799587067	21.5	2524.3	4.983	2502.8	80.4	Ar11	
49	Spectrogram 1	1	HS140723-1157-ESM.wav	334.527	334.527120852	338.110430003	30.2	2567.4	3.583	2537.2	74.3	Ar11	
50	Spectrogram 1	1	HS140723-1157-ESM.wav	339.476	339.475500156	352.853187655	47.4	2459.7	13.378	2412.3	78.2	Ar31	
51	Spectrogram 1	1	HS140723-1157-ESM.wav	354.699	354.699319857	359.169924608	30.2	2468.3	4.471	2438.1	73.6	Ar11	
52	Spectrogram 1	1	HS140723-1157-ESM.wav	360.669	360.668974535	364.832438501	8.6	2498.5	4.163	2489.9	81.4	Ar11	
53	Spectrogram 1	1	HS140723-1157-ESM.wav	366.061	366.061001639	369.405423513	21.5	2589.0	3.344	2567.5	75.1	Ar11	
54	Spectrogram 1	1	HS140723-1157-ESM.wav	370.634	370.633986651	374.080788787	43.1	2545.9	3.447	2502.8	71.8	Ar11	
55	Spectrogram 1	1	HS140723-1157-ESM.wav	374.832	374.831577371	378.790280815	64.6	2520.0	3.959	2455.4	70.6	Ar1	
56	Spectrogram 1	1	HS140723-1157-ESM.wav	380.011	380.011262227	383.185050333	43.1	2567.4	3.174	2524.3	71.3	Ar11	
57	Spectrogram 1	1	HS140723-1157-ESM.wav	384.448	384.447740224	387.314387546	51.7	2537.3	2.867	2485.6	74.8	Ar11	
58	Spectrogram 1	1	HS140723-1157-ESM.wav	388.236	388.235809899	401.784131167	43.1	2580.3	13.548	2537.2	71.0	Ar11	
59	Spectrogram 1	1	HS140723-1157-ESM.wav	402.982	402.981855211	407.418333208	68.9	2550.2	4.436	2481.3	72.8	Ar11	
60	Spectrogram 1	1	HS140723-1157-ESM.wav	408.272	408.271502054	413.219881358	21.5	2571.7	4.948	2550.2	75.1	Ar11	
61	Spectrogram 1	1	HS140723-1157-ESM.wav	414.073	414.073050204	418.338894431	64.6	2563.1	4.266	2498.5	71.0	Ar11	
62	Spectrogram 1	1	HS140723-1157-ESM.wav	419.021	419.021429508	422.297597875	43.1	2550.2	3.276	2507.1	73.3	Ar11	
63	Spectrogram 1	1	HS140723-1157-ESM.wav	423.565	423.564583050	437.931946409	0.0	3585.8	14.367	3585.8	79.7	Av211	
64	Spectrogram 1	1	HS140723-1157-ESM.wav	438.717	438.716861747	443.972381836	0.0	3573.5	5.256	3573.5	83.1	Kc11	
65	Spectrogram 1	1	HS140723-1157-ESM.wav	444.655	444.654916913	450.149324278	0.0	3641.4	5.494	3641.4	89.8	Kc11	
66	Spectrogram 1	1	HS140723-1157-ESM.wav	450.849	450.849050698	455.149021679	0.0	3672.3	4.300	3672.3	81.4	Kc11	
67	Spectrogram 1	1	HS140723-1157-ESM.wav	455.763	455.763303248	459.995020722	0.0	3635.2	4.232	3635.2	79.1	Kc11	
68	Spectrogram 1	1	HS140723-1157-ESM.wav	461.053	461.052950091	474.567144605	55.5	3536.5	13.514	3480.9	65.3	Av211	
69	Spectrogram 1	1	HS140723-1157-ESM.wav	475.607	475.606622863	480.828016198	74.1	3585.8	5.221	3511.8	67.7	Kc11	
70	Spectrogram 1	1	HS140723-1157-ESM.wav	481.511	481.510551274	487.107338901	49.4	3579.7	5.597	3530.3	72.1	Kc11	
71	Spectrogram 1	1	HS140723-1157-ESM.wav	487.483	487.482733193	492.192225221	0.0	3629.0	4.709	3629.0	81.0	Kc11	
72	Spectrogram 1	1	HS140723-1157-ESM.wav	493.045	493.045394067	506.832602611	30.9	3666.1	13.787	3635.2	72.8	Av211	
73	Spectrogram 1	1	HS140723-1157-ESM.wav	507.505	507.505282249	513.716351445	43.2	3629.0	6.211	3585.8	71.7	Kc11	
74	Spectrogram 1	1	HS140723-1157-ESM.wav	514.433	514.433013275	519.859167133	18.5	3610.5	5.426	3592.0	73.2	Kc11	
75	Spectrogram 1	1	HS140723-1157-ESM.wav	520.473	520.473448702	526.172616590	86.4	3629.0	5.699	3542.6	67.4	Kc11	
76	Spectrogram 1	1	HS140723-1157-ESM.wav	530.916	530.916235371	545.693119777	55.5	3703.1	14.777	3647.6	66.7	Av211	
77	Spectrogram 1	1	HS140723-1157-ESM.wav	546.473	546.473234159	552.172402048	98.7	3709.3	5.699	3610.5	67.2	Kc11	
78	Spectrogram 1	1	HS140723-1157-ESM.wav	552.548	552.547796340	558.895372551	24.7	3690.8	6.348	3666.1	70.9	Kc11	
79	Spectrogram 1	1	HS140723-1157-ESM.wav	559.339	559.339020351	564.560413686	55.5	3703.1	5.221	3647.6	63.6	Kc11	
80	Spectrogram 1	1	HS140723-1157-ESM.wav	565.132	565.131693961	579.874451613	74.1	3703.1	14.743	3629.0	65.3	Av211	
81	Spectrogram 1	1	HS140723-1157-ESM.wav	580.250	580.249845905	586.631548870	129.6	3678.4	6.382	3548.8	59.6	Kc11	
82	Spectrogram 1	1	HS140723-1157-ESM.wav	587.109	587.109323423	592.910871573	37.0	3635.2	5.802	3598.2	68.0	Kc11	
83	Spectrogram 1	1	HS140723-1157-ESM.wav	593.218	593.218012358	599.224321031	37.0	3666.1	6.006	3629.0	74.7	Kc11	
85	Spectrogram 1	1	HS140723-1157-ESM.wav	600.361	600.360617953	651.141227642	142.0	3542.6	50.781	3400.7	57.6	?	
86	Spectrogram 1	1	HS140723-1157-ESM.wav	652.272	652.271712290	655.957401702	43.2	3573.5	3.686	3530.3	66.9	Fb11	
87	Spectrogram 1	1	HS140723-1157-ESM.wav	657.357	657.356598609	660.837527499	6.2	3592.0	3.481	3585.8	78.6	Fb11	
88	Spectrogram 1	1	HS140723-1157-ESM.wav	662.988	662.987512990	666.946216434	80.2	3635.2	3.959	3555.0	63.0	Fb11	
89	Spectrogram 1	1	HS140723-1157-ESM.wav	667.799	667.799385279	670.939046631	67.9	3641.4	3.140	3573.5	64.3	Fb11	
90	Spectrogram 1	1	HS140723-1157-ESM.wav	671.963	671.962849246	674.385848767	6.2	3629.0	2.423	3622.9	79.9	Fb11	
91	Spectrogram 1	1	HS140723-1157-ESM.wav	674.795	674.795369813	677.866777657	24.7	3622.9	3.071	3598.2	70.2	Fb11	
92	Spectrogram 1	1	HS140723-1157-ESM.wav	678.208	678.208045195	680.255650425	0.0	3622.9	2.048	3622.9	82.2	Fb11	
93	Spectrogram 1	1	HS140723-1157-ESM.wav	680.460	680.460410948	686.125452082	18.5	3622.9	5.665	3604.4	73.5	Fb12	
94	Spectrogram 1	1	HS140723-1157-ESM.wav	687.218	687.217508205	690.459549818	74.1	3536.5	3.242	3462.4	63.2	Fb11	
95	Spectrogram 1	1	HS140723-1157-ESM.wav	691.480	691.479816218	695.609153430	37.0	3666.1	4.129	3629.0	70.9	Fb11	
96	Spectrogram 1	1	HS140723-1157-ESM.wav	697.213	697.213110860	700.318645458	0.0	3666.1	3.106	3666.1	81.9	Fb11	
97	Spectrogram 1	1	HS140723-1157-ESM.wav	701.342	701.342448073	705.062264239	43.2	3641.4	3.720	3598.2	68.6	Fb11	
98	Spectrogram 1	1	HS140723-1157-ESM.wav	705.915	705.915433085	710.181277313	12.3	3610.5	4.266	3598.2	76.7	Fb11	
99	Spectrogram 1	1	HS140723-1157-ESM.wav	710.591	710.590798359	713.491572434	49.4	3635.2	2.901	3585.8	67.0	Fb11	
100	Spectrogram 1	1	HS140723-1157-ESM.wav	714.003	714.003473741	716.767740801	0.0	3622.9	2.764	3622.9	80.2	Fb11	
101	Spectrogram 1	1	HS140723-1157-ESM.wav	717.143	717.143135093	719.600261368	0.0	3610.5	2.457	3610.5	81.9	Fb11	
102	Spectrogram 1	1	HS140723-1157-ESM.wav	719.976	719.975655660	730.145428300	0.0	3598.2	10.170	3598.2	78.5	Fb13	
103	Spectrogram 1	1	HS140723-1157-ESM.wav	731.656	731.655854667	735.921698895	6.2	3585.8	4.266	3579.7	80.6	Fb11	
104	Spectrogram 1	1	HS140723-1157-ESM.wav	737.509	737.509196121	746.348025361	0.0	3604.4	8.839	3604.4	88.5	Fb12	
105	Spectrogram 1	1	HS140723-1157-ESM.wav	746.928	746.928180176	754.777333556	0.0	3635.2	7.849	3635.2	90.6	Fb12	
106	Spectrogram 1	1	HS140723-1157-ESM.wav	755.187	755.186854602	758.497149722	18.5	3629.0	3.310	3610.5	78.4	Fb11	
107	Spectrogram 1	1	HS140723-1157-ESM.wav	759.111	759.111431291	762.216965889	0.0	3616.7	3.106	3616.7	79.9	Fb11	
108	Spectrogram 1	1	HS140723-1157-ESM.wav	762.422	762.421726412	764.674092164	0.0	3610.5	2.252	3610.5	83.8	Fb11	
109	Spectrogram 1	1	HS140723-1157-ESM.wav	765.220	765.220120226	767.506612732	6.2	3647.6	2.286	3641.4	79.1	Fb11	
110	Spectrogram 1	1	HS140723-1157-ESM.wav	767.882	767.882007024	777.927409508	0.0	3641.4	10.045	3641.4	81.2	Fb13	
111	Spectrogram 1	1	HS140723-1157-ESM.wav	780.760	780.759930075	785.264661580	24.7	3610.5	4.505	3585.8	77.6	Jb11	
112	Spectrogram 1	1	HS140723-1157-ESM.wav	786.186	786.186083933	790.178914130	49.4	3629.0	3.993	3579.7	67.4	Jb11	
113	Spectrogram 1	1	HS140723-1157-ESM.wav	790.623	790.622561930	794.478885112	0.0	3573.5	3.856	3573.5	79.5	Jb11	
114	Spectrogram 1	1	HS140723-1157-ESM.wav	795.503	795.502687727	799.324884155	18.5	3616.7	3.822	3598.2	70.0	Jb11	
115	Spectrogram 1	1	HS140723-1157-ESM.wav	799.648	799.647700418	803.333389831	37.0	3635.2	3.686	3598.2	73.4	Jb11	
116	Spectrogram 1	1	HS140723-1157-ESM.wav	803.743	803.742910877	807.087332752	43.2	3629.0	3.344	3585.8	70.1	Jb11	
117	Spectrogram 1	1	HS140723-1157-ESM.wav	807.360	807.360346782	810.500008134	30.9	3622.9	3.140	3592.0	72.4	Jb11	
118	Spectrogram 1	1	HS140723-1157-ESM.wav	811.694	811.694444518	823.843568879	55.5	3585.8	12.149	3530.3	66.4	Jb31	
119	Spectrogram 1	1	HS140723-1157-ESM.wav	824.615	824.615087261	828.642044212	30.9	3653.7	4.027	3622.9	68.7	Jb11	
120	Spectrogram 1	1	HS140723-1157-ESM.wav	829.325	829.324579289	833.249155978	12.3	3690.8	3.925	3678.4	79.9	Jb11	
121	Spectrogram 1	1	HS140723-1157-ESM.wav	834.136	834.136451578	837.276112929	0.0	3530.3	3.140	3530.3	77.5	Jb11	
122	Spectrogram 1	1	HS140723-1157-ESM.wav	838.402	838.402295805	841.371323388	12.3	3622.9	2.969	3610.5	75.8	Jb11	
123	Spectrogram 1	1	HS140723-1157-ESM.wav	842.293	842.292745741	845.773674631	49.4	3653.7	3.481	3604.4	66.4	Jb11	
124	Spectrogram 1	1	HS140723-1157-ESM.wav	846.627	846.626843477	850.176025875	0.0	3653.7	3.549	3653.7	80.8	Ja11	
125	Spectrogram 1	1	HS140723-1157-ESM.wav	850.517	850.517293413	853.895842041	37.0	3678.4	3.379	3641.4	73.1	Ja11	
126	Spectrogram 1	1	HS140723-1157-ESM.wav	854.723	854.723229010	856.907341255	37.0	3604.4	2.184	3567.3	69.3	Ja11	
127	Spectrogram 1	1	HS140723-1157-ESM.wav	857.522	857.521622824	859.944622345	30.9	3598.2	2.423	3567.3	78.5	Ja11	
128	Spectrogram 1	1	HS140723-1157-ESM.wav	860.286	860.285889883	863.152537205	0.0	3604.4	2.867	3604.4	82.2	Ja11	
129	Spectrogram 1	1	HS140723-1157-ESM.wav	863.767	863.766818773	866.258071802	0.0	3487.1	2.491	3487.1	82.0	Ja11	
130	Spectrogram 1	1	HS140723-1157-ESM.wav	866.565	866.565212587	868.681071324	6.2	3487.1	2.116	3480.9	82.8	Ja11	
131	Spectrogram 1	1	HS140723-1157-ESM.wav	868.886	868.885831847	878.577829933	30.9	3308.1	9.692	3277.3	79.2	Ja13	
132	Spectrogram 1	1	HS140723-1157-ESM.wav	881.148	881.147703937	926.570413276	104.9	3592.0	45.423	3487.1	62.9	Id81	
133	Spectrogram 1	1	HS140723-1157-ESM.wav	926.936	926.935698569	930.757894997	401.2	3678.4	3.822	3277.3	63.6	Id11	
134	Spectrogram 1	1	HS140723-1157-ESM.wav	931.202	931.201542797	935.126119486	351.8	3647.6	3.925	3295.8	63.0	Id11	
135	Spectrogram 1	1	HS140723-1157-ESM.wav	935.877	935.876908070	940.415766329	234.5	3592.0	4.539	3357.5	64.5	Id11	
136	Spectrogram 1	1	HS140723-1157-ESM.wav	940.859	940.859414129	947.753018401	438.2	3684.6	6.894	3246.4	64.7	Id21	
137	Spectrogram 1	1	HS140723-1157-ESM.wav	948.367	948.367299970	953.008538490	222.2	3659.9	4.641	3437.7	65.0	Id11	
138	Spectrogram 1	1	HS140723-1157-ESM.wav	953.373	953.372812273	956.512473625	228.4	3666.1	3.140	3437.7	65.1	Id11	
139	Spectrogram 1	1	HS140723-1157-ESM.wav	956.956	956.956121425	959.993402515	283.9	3659.9	3.037	3376.0	66.3	Id11	
140	Spectrogram 1	1	HS140723-1157-ESM.wav	960.643	960.643075743	995.163677537	43.2	3653.7	34.521	3610.5	76.3	Ia9	
141	Spectrogram 1	1	HS140723-1157-ESM.wav	995.842	995.841665186	1001.711466844	117.3	3641.4	5.870	3524.1	69.1	Ar11	
142	Spectrogram 1	1	HS140723-1157-ESM.wav	1002.626	1002.625531705	1010.304051315	123.4	3542.6	7.679	3419.2	70.3	Ar11	
143	Spectrogram 1	1	HS140723-1157-ESM.wav	1010.797	1010.796740765	1017.451457760	185.2	3616.7	6.655	3431.5	72.3	Ar11	
144	Spectrogram 1	1	HS140723-1157-ESM.wav	1018.270	1018.270499852	1025.300611140	123.4	3573.5	7.030	3450.1	68.2	Ar11	
145	Spectrogram 1	1	HS140723-1157-ESM.wav	1026.529	1026.529174277	1040.862410883	86.4	3659.9	14.333	3573.5	71.1	Ar21	
146	Spectrogram 1	1	HS140723-1157-ESM.wav	1041.449	1041.448887656	1048.171858159	191.3	3604.4	6.723	3413.0	66.4	Ar11	
147	Spectrogram 1	1	HS140723-1157-ESM.wav	1048.854	1048.854393235	1055.884504523	135.8	3610.5	7.030	3474.8	63.5	Ar11	
148	Spectrogram 1	1	HS140723-1157-ESM.wav	1056.601	1056.601166353	1063.153503087	129.6	3567.3	6.552	3437.7	64.4	Ar11	
149	Spectrogram 1	1	HS140723-1157-ESM.wav	1063.693	1063.692960801	1069.494508951	111.1	3585.8	5.802	3474.8	63.4	Ar11	
150	Spectrogram 1	1	HS140723-1157-ESM.wav	1070.041	1070.040537012	1075.261930347	135.8	3690.8	5.221	3555.0	64.3	Ar11	
151	Spectrogram 1	1	HS140723-1157-ESM.wav	1076.252	1076.251606208	1090.004687999	86.4	3530.3	13.753	3443.9	66.4	Ar31	
152	Spectrogram 1	1	HS140723-1157-ESM.wav	1091.695	1091.695101821	1096.950621910	117.3	3573.5	5.256	3456.2	68.2	Ar11	
153	Spectrogram 1	1	HS140723-1157-ESM.wav	1097.804	1097.803790755	1102.410902522	98.7	3616.7	4.607	3518.0	66.5	Ar11	
154	Spectrogram 1	1	HS140723-1157-ESM.wav	1103.025	1103.025184090	1108.485464702	43.2	3653.7	5.460	3610.5	68.0	Ar11	
155	Spectrogram 1	1	HS140723-1157-ESM.wav	1109.373	1109.372760302	1123.637743400	0.0	3555.0	14.265	3555.0	82.8	Ar11	
156	Spectrogram 1	1	HS140723-1157-ESM.wav	1124.402	1124.402438235	1128.736535971	24.7	3592.0	4.334	3567.3	72.9	Ar11	
157	Spectrogram 1	1	HS140723-1157-ESM.wav	1129.726	1129.726211832	1134.162689829	43.2	3616.7	4.436	3573.5	72.4	Ar11	
158	Spectrogram 1	1	HS140723-1157-ESM.wav	1135.255	1135.254745951	1139.486463425	37.0	3635.2	4.232	3598.2	71.6	Ar11	
159	Spectrogram 1	1	HS140723-1157-ESM.wav	1140.442	1140.442012532	1144.298335714	6.2	3585.8	3.856	3579.7	80.2	Ar11	
160	Spectrogram 1	1	HS140723-1157-ESM.wav	1144.741	1144.740974705	1148.358410611	0.0	3629.0	3.617	3629.0	78.3	Ar11	
161	Spectrogram 1	1	HS140723-1157-ESM.wav	1148.836	1148.836185164	1152.624254839	0.0	3616.7	3.788	3616.7	79.8	Ar11	
162	Spectrogram 1	1	HS140723-1157-ESM.wav	1152.931	1152.931395623	1166.547970398	74.1	3561.2	13.617	3487.1	68.3	Ar31	
163	Spectrogram 1	1	HS140723-1157-ESM.wav	1168.335	1168.335202779	1173.044694807	55.5	3376.0	4.709	3320.5	70.7	Ar11	
164	Spectrogram 1	1	HS140723-1157-ESM.wav	1174.342	1174.341511452	1179.221637249	0.0	3443.9	4.880	3443.9	83.6	Ar11	
165	Spectrogram 1	1	HS140723-1157-ESM.wav	1180.109	1180.108932848	1184.511284091	49.4	3530.3	4.402	3480.9	71.1	Ar11	
166	Spectrogram 1	1	HS140723-1157-ESM.wav	1185.467	1185.466833198	1190.244578734	12.3	3493.3	4.778	3480.9	76.1	Ar11	
167	Spectrogram 1	1	HS140723-1157-ESM.wav	1190.893	1190.892987056	1195.465972069	37.0	3437.7	4.573	3400.7	71.2	Ar11	
168	Spectrogram 1	1	HS140723-1157-ESM.wav	1195.978	1195.977873376	1209.219053859	24.7	3425.4	13.241	3400.7	78.4	Ar31	
169	Spectrogram 1	1	HS140723-1157-ESM.wav	1209.842	1209.841933669	1215.506974803	111.1	3474.8	5.665	3363.7	64.9	Kc11	
170	Spectrogram 1	1	HS140723-1157-ESM.wav	1216.463	1216.462523910	1222.093438291	104.9	3468.6	5.631	3363.7	65.6	Kc11	
171	Spectrogram 1	1	HS140723-1157-ESM.wav	1222.912	1222.912480383	1228.065620210	0.0	3480.9	5.153	3480.9	85.9	Kc11	
172	Spectrogram 1	1	HS140723-1157-ESM.wav	1231.802	1231.801617493	1246.407868130	68.1	3312.8	14.606	3244.7	65.5	Ar31	
173	Spectrogram 1	1	HS140723-1157-ESM.wav	1247.090	1247.090403206	1252.175289526	55.7	3548.1	5.085	3492.4	67.5	Ar11	
174	Spectrogram 1	1	HS140723-1157-ESM.wav	1252.790	1252.789571095	1256.509387261	0.0	3473.8	3.720	3473.8	86.1	Ar11	
175	Spectrogram 1	1	HS140723-1157-ESM.wav	1257.314	1257.314021020	1261.272724463	0.0	3411.9	3.959	3411.9	81.6	Ar11	
176	Spectrogram 1	1	HS140723-1157-ESM.wav	1262.058	1262.057639801	1265.811582722	0.0	3411.9	3.754	3411.9	81.1	Ar11	
177	Spectrogram 1	1	HS140723-1157-ESM.wav	1266.518	1266.518386380	1269.760427993	0.0	3517.1	3.242	3517.1	81.4	Ar11	
178	Spectrogram 1	1	HS140723-1157-ESM.wav	1271.023	1271.023117884	1283.377002768	31.0	3566.7	12.354	3535.7	74.6	Ar31	
179	Spectrogram 1	1	HS140723-1157-ESM.wav	1285.166	1285.165976960	1289.192933912	6.2	3566.7	4.027	3560.5	80.2	Ar11	
180	Spectrogram 1	1	HS140723-1157-ESM.wav	1290.148	1290.148483019	1294.243693477	0.0	3535.7	4.095	3535.7	87.8	Ar11	
181	Spectrogram 1	1	HS140723-1157-ESM.wav	1295.165	1295.165115831	1299.874607858	31.0	3541.9	4.709	3510.9	74.9	Ar11	
182	Spectrogram 1	1	HS140723-1157-ESM.wav	1300.898	1300.898410473	1304.686480147	12.4	3554.3	3.788	3541.9	79.2	Ar11	
183	Spectrogram 1	1	HS140723-1157-ESM.wav	1305.744	1305.744409516	1309.805493221	0.0	3517.1	4.061	3517.1	79.9	Ar11	
184	Spectrogram 1	1	HS140723-1157-ESM.wav	1310.249	1310.249141021	1314.071337449	55.7	3529.5	3.822	3473.8	69.5	Ar11	
185	Spectrogram 1	1	HS140723-1157-ESM.wav	1314.742	1314.741740639	1327.982921122	68.1	3523.3	13.241	3455.2	66.6	Ar11	
186	Spectrogram 1	1	HS140723-1157-ESM.wav	1328.836	1328.836089968	1333.579708749	18.6	3554.3	4.744	3535.7	74.7	Ar11	
187	Spectrogram 1	1	HS140723-1157-ESM.wav	1334.433	1334.432877595	1338.869355592	18.6	3579.0	4.436	3560.5	73.5	Ar11	
188	Spectrogram 1	1	HS140723-1157-ESM.wav	1339.586	1339.586017422	1343.988368666	80.5	3108.4	4.402	3027.9	69.0	Ar11	
189	Spectrogram 1	1	HS140723-1157-ESM.wav	1344.568	1344.567768200	1355.351822408	74.3	3349.9	10.784	3275.6	67.0	Fb13	
191	Spectrogram 1	1	HS140723-1157-ESM.wav	1357.229	1357.228793868	1361.597018357	49.5	3380.9	4.368	3331.4	66.6	Fb11	
192	Spectrogram 1	1	HS140723-1157-ESM.wav	1363.474	1363.473989818	1367.466820015	24.8	3572.9	3.993	3548.1	71.3	Fb11	
193	Spectrogram 1	1	HS140723-1157-ESM.wav	1368.456	1368.456495876	1372.142185289	31.0	3529.5	3.686	3498.5	70.8	Fb11	
194	Spectrogram 1	1	HS140723-1157-ESM.wav	1373.337	1373.336621673	1377.875479931	68.1	3529.5	4.539	3461.4	64.6	Fb11	
195	Spectrogram 1	1	HS140723-1157-ESM.wav	1378.511	1378.510744990	1381.923420372	12.4	3442.8	3.413	3430.4	74.2	Fb11	
196	Spectrogram 1	1	HS140723-1157-ESM.wav	1382.879	1382.878969479	1386.428151877	0.0	3424.2	3.549	3424.2	79.0	Fb11	
197	Spectrogram 1	1	HS140723-1157-ESM.wav	1387.247	1387.247193969	1390.284475059	0.0	3436.6	3.037	3436.6	77.6	Fb11	
198	Spectrogram 1	1	HS140723-1157-ESM.wav	1390.660	1390.659869351	1393.390009657	0.0	3424.2	2.730	3424.2	81.6	Fb11	
199	Spectrogram 1	1	HS140723-1157-ESM.wav	1393.785	1393.784618212	1414.943205582	49.5	3461.4	21.159	3411.9	71.0	Fb15	
200	Spectrogram 1	1	HS140723-1157-ESM.wav	1416.342	1416.342402489	1420.335232686	24.8	3405.7	3.993	3380.9	73.9	Fb11	
201	Spectrogram 1	1	HS140723-1157-ESM.wav	1421.154	1421.154274778	1424.771710683	12.4	3337.6	3.617	3325.2	80.3	Fb11	
202	Spectrogram 1	1	HS140723-1157-ESM.wav	1425.557	1425.556626021	1428.832794388	0.0	3306.6	3.276	3306.6	81.3	Fb11	
203	Spectrogram 1	1	HS140723-1157-ESM.wav	1429.238	1429.237514478	1432.308922323	0.0	3393.3	3.071	3393.3	80.0	Fb11	
204	Spectrogram 1	1	HS140723-1157-ESM.wav	1432.753	1432.752570122	1435.004935875	0.0	3387.1	2.252	3387.1	80.7	Fb11	
205	Spectrogram 1	1	HS140723-1157-ESM.wav	1435.380	1435.380330167	1446.232637882	0.0	3393.3	10.852	3393.3	81.3	Fb13	
206	Spectrogram 1	1	HS140723-1157-ESM.wav	1448.195	1448.194800501	1466.111346258	61.9	3207.5	17.917	3145.6	69.4	Fb14	
207	Spectrogram 1	1	HS140723-1157-ESM.wav	1468.068	1468.068454723	1471.071609059	0.0	3114.6	3.003	3114.6	82.8	Fb11	
208	Spectrogram 1	1	HS140723-1157-ESM.wav	1472.043	1472.042580282	1537.600074376	31.0	3108.4	65.557	3077.5	74.9	?	
209	Spectrogram 1	1	HS140723-1157-ESM.wav	1538.317	1538.316736207	1541.695284835	0.0	3108.4	3.379	3108.4	82.8	Jb11	
210	Spectrogram 1	1	HS140723-1157-ESM.wav	1542.480	1542.480200173	1546.507157124	0.0	3089.9	4.027	3089.9	82.1	Jb11	
211	Spectrogram 1	1	HS140723-1157-ESM.wav	1547.069	1547.069365050	1550.447913679	0.0	3306.6	3.379	3306.6	80.9	Jb1	
212	Spectrogram 1	1	HS140723-1157-ESM.wav	1551.165	1551.164575509	1553.928842569	6.2	3244.7	2.764	3238.5	79.6	Jb11	
213	Spectrogram 1	1	HS140723-1157-ESM.wav	1554.819	1554.819398842	1558.436834747	12.4	3244.7	3.617	3232.3	80.1	Jb11	
214	Spectrogram 1	1	HS140723-1157-ESM.wav	1559.574	1559.573889578	1574.862675291	49.5	3418.0	15.289	3368.5	66.7	Jb41	
215	Spectrogram 1	1	HS140723-1157-ESM.wav	1575.435	1575.434994853	1579.359571543	0.0	3387.1	3.925	3387.1	81.1	Jb11	
216	Spectrogram 1	1	HS140723-1157-ESM.wav	1579.701	1579.700839081	1583.215894725	0.0	3387.1	3.515	3387.1	83.3	Jb11	
217	Spectrogram 1	1	HS140723-1157-ESM.wav	1583.728	1583.727796032	1586.765077122	0.0	3380.9	3.037	3380.9	81.0	Jb11	
218	Spectrogram 1	1	HS140723-1157-ESM.wav	1587.243	1587.242851676	1590.382513028	0.0	3380.9	3.140	3380.9	81.9	Jb11	
219	Spectrogram 1	1	HS140723-1157-ESM.wav	1590.656	1590.655527058	1593.317413857	18.6	3368.5	2.662	3349.9	83.7	Jb11	
220	Spectrogram 1	1	HS140723-1157-ESM.wav	1594.011	1594.010820723	1606.535339376	18.6	3430.4	12.525	3411.9	72.5	Jb31	
221	Spectrogram 1	1	HS140723-1157-ESM.wav	1607.559	1607.559141991	1610.903563866	31.0	3257.1	3.344	3226.1	71.8	Jb11	
222	Spectrogram 1	1	HS140723-1157-ESM.wav	1611.893	1611.893239726	1616.056703693	0.0	3288.0	4.163	3288.0	81.2	Jb11	
223	Spectrogram 1	1	HS140723-1157-ESM.wav	1616.534	1616.534478246	1619.981280383	6.2	3238.5	3.447	3232.3	85.6	Jb11	
224	Spectrogram 1	1	HS140723-1157-ESM.wav	1620.632	1620.632218516	1624.317907929	0.0	3232.3	3.686	3232.3	79.9	Jb11	
225	Spectrogram 1	1	HS140723-1157-ESM.wav	1625.410	1625.409964051	1628.686132418	0.0	3436.6	3.276	3436.6	81.8	Jb11	
226	Spectrogram 1	1	HS140723-1157-ESM.wav	1629.608	1629.607554771	1632.474202092	12.4	3349.9	2.867	3337.6	88.2	Jb11	
227	Spectrogram 1	1	HS140723-1157-ESM.wav	1633.020	1633.020230154	1636.432905536	0.0	3356.1	3.413	3356.1	82.7	Jb11	
228	Spectrogram 1	1	HS140723-1157-ESM.wav	1636.911	1636.910680089	1638.958285319	6.2	3424.2	2.048	3418.0	81.1	Jb11	
229	Spectrogram 1	1	HS140723-1157-ESM.wav	1639.061	1639.060665580	1641.483665102	0.0	3399.5	2.423	3399.5	83.7	Jb11	
230	Spectrogram 1	1	HS140723-1157-ESM.wav	1642.542	1642.541594470	1645.032847499	0.0	3244.7	2.491	3244.7	78.4	Ja11	
231	Spectrogram 1	1	HS140723-1157-ESM.wav	1645.852	1645.851889591	1648.411396128	0.0	3219.9	2.560	3219.9	79.4	Ja11	
232	Spectrogram 1	1	HS140723-1157-ESM.wav	1648.855	1648.855043928	1651.141536434	0.0	3213.7	2.286	3213.7	82.3	Ja11	
233	Spectrogram 1	1	HS140723-1157-ESM.wav	1651.449	1651.448677218	1654.110564016	0.0	3226.1	2.662	3226.1	81.1	Ja11	
234	Spectrogram 1	1	HS140723-1157-ESM.wav	1654.473	1654.472815045	1663.925925854	0.0	3213.7	9.453	3213.7	81.7	Ja13	
235	Spectrogram 1	1	HS140723-1157-ESM.wav	1665.157	1665.157272330	1722.490218753	272.5	3548.1	57.333	3275.6	63.1	Id	
