Selection	View	Channel	Begin File	Begin Clock Time	Begin Time (s)	End Time (s)	Low Freq (Hz)	High Freq (Hz)	Delta Time (s)	Delta Freq (Hz)	Avg Power (dB)	Category	Comment
1	Spectrogram 1	1	HS150626-0921-MUI.wav	3.607	3.607077026	12.848348744	104.9	3567.3	9.241	3462.4	73.2	Ar11	
2	Spectrogram 1	1	HS150626-0921-MUI.wav	13.951	13.951339239	22.089620462	117.3	3610.5	8.138	3493.3	76.6	Ar11	
3	Spectrogram 1	1	HS150626-0921-MUI.wav	23.640	23.639769266	31.956913813	222.2	3555.0	8.317	3332.8	72.8	Ar11	
4	Spectrogram 1	1	HS150626-0921-MUI.wav	33.246	33.246395942	41.265434949	111.1	3610.5	8.019	3499.4	73.3	Ar11	
5	Spectrogram 1	1	HS150626-0921-MUI.wav	41.802	41.802024920	51.043296638	0.0	3616.7	9.241	3616.7	88.4	Ar11	
6	Spectrogram 1	1	HS150626-0921-MUI.wav	52.192	52.191893760	58.303057316	74.1	3561.2	6.111	3487.1	72.0	Ar11	
7	Spectrogram 1	1	HS150626-0921-MUI.wav	60.105	60.105059419	76.143137433	104.9	3592.0	16.038	3487.1	70.6	Aw31	
8	Spectrogram 1	1	HS150626-0921-MUI.wav	78.021	78.021202331	84.668955857	117.3	3530.3	6.648	3413.0	69.8	La31	
9	Spectrogram 1	1	HS150626-0921-MUI.wav	86.398	86.397968011	92.240836582	86.4	3598.2	5.843	3511.8	69.7	La31	
10	Spectrogram 1	1	HS150626-0921-MUI.wav	93.642	93.641932616	100.110822819	67.9	3585.8	6.469	3518.0	71.8	La31	
11	Spectrogram 1	1	HS150626-0921-MUI.wav	101.572	101.571539962	107.503840194	98.7	3573.5	5.932	3474.8	71.5	La31	
12	Spectrogram 1	1	HS150626-0921-MUI.wav	109.943	109.943373744	125.683346219	0.0	3542.6	15.740	3542.6	84.2	Aw31	
13	Spectrogram 1	1	HS150626-0921-MUI.wav	128.426	128.425917180	134.537080736	67.9	3641.4	6.111	3573.5	72.2	La31	
14	Spectrogram 1	1	HS150626-0921-MUI.wav	137.165	137.165369726	141.905247801	74.1	3666.1	4.740	3592.0	73.5	La21	
15	Spectrogram 1	1	HS150626-0921-MUI.wav	143.366	143.365964943	149.179022960	0.0	3635.2	5.813	3635.2	85.8	La31	
16	Spectrogram 1	1	HS150626-0921-MUI.wav	150.691	150.690682861	167.772130263	74.1	3635.2	17.081	3561.2	68.7	Ax211	
17	Spectrogram 1	1	HS150626-0921-MUI.wav	169.471	169.471331837	177.430749736	111.1	3610.5	7.959	3499.4	68.4	Kd11	
18	Spectrogram 1	1	HS150626-0921-MUI.wav	179.795	179.795029834	187.694826626	80.2	3592.0	7.900	3511.8	70.5	Kd11	
19	Spectrogram 1	1	HS150626-0921-MUI.wav	189.215	189.215164876	197.383256653	98.7	3616.7	8.168	3518.0	71.7	Kd11	
20	Spectrogram 1	1	HS150626-0921-MUI.wav	199.291	199.291132105	206.445665048	86.4	3659.9	7.155	3573.5	71.7	Kd11	
21	Spectrogram 1	1	HS150626-0921-MUI.wav	208.294	208.293919391	215.746557874	0.0	3622.9	7.453	3622.9	82.5	Kd11	
22	Spectrogram 1	1	HS150626-0921-MUI.wav	217.621	217.620500077	235.208726896	86.4	3555.0	17.588	3468.6	68.0	Ax211	
23	Spectrogram 1	1	HS150626-0921-MUI.wav	237.325	237.325276225	245.105830801	55.5	3592.0	7.781	3536.5	72.6	Kd11	
24	Spectrogram 1	1	HS150626-0921-MUI.wav	246.989	246.988990806	253.398259900	86.4	3610.5	6.409	3524.1	73.5	Kd11	
25	Spectrogram 1	1	HS150626-0921-MUI.wav	255.604	255.604240891	263.444416575	37.0	3567.3	7.840	3530.3	80.4	Kd11	
26	Spectrogram 1	1	HS150626-0921-MUI.wav	264.844	264.843653393	272.773260738	43.2	3622.9	7.930	3579.7	71.3	Kd11	
27	Spectrogram 1	1	HS150626-0921-MUI.wav	274.294	274.293598988	281.209647500	0.0	3635.2	6.916	3635.2	81.9	Kd11	
28	Spectrogram 1	1	HS150626-0921-MUI.wav	283.117	283.116643729	300.317333347	24.7	3647.6	17.201	3622.9	79.7	Ax211	
29	Spectrogram 1	1	HS150626-0921-MUI.wav	301.808	301.807861043	309.588415619	0.0	3610.5	7.781	3610.5	81.0	Kd11	
30	Spectrogram 1	1	HS150626-0921-MUI.wav	311.678	311.677986024	319.160435060	43.2	3622.9	7.482	3579.7	73.3	Kd11	
31	Spectrogram 1	1	HS150626-0921-MUI.wav	320.591	320.591341649	327.745874592	104.9	3598.2	7.155	3493.3	71.9	Kd11	
32	Spectrogram 1	1	HS150626-0921-MUI.wav	330.011	330.011476691	346.586144676	30.9	3635.2	16.575	3604.4	82.1	Ax211	
33	Spectrogram 1	1	HS150626-0921-MUI.wav	348.931	348.930506172	356.323523547	37.0	3579.7	7.393	3542.6	73.1	Kd11	
34	Spectrogram 1	1	HS150626-0921-MUI.wav	357.248	357.247650718	364.670478647	92.6	3598.2	7.423	3505.6	71.5	Kd11	
35	Spectrogram 1	1	HS150626-0921-MUI.wav	366.757	366.757217422	373.941560919	86.4	3585.8	7.184	3499.4	72.0	Kd11	
36	Spectrogram 1	1	HS150626-0921-MUI.wav	375.944	375.943963140	382.979253867	166.6	3598.2	7.035	3431.5	72.3	Kd11	
37	Spectrogram 1	1	HS150626-0921-MUI.wav	384.410	384.410160456	407.692203075	30.9	3567.3	23.282	3536.5	77.3	Ax212	
38	Spectrogram 1	1	HS150626-0921-MUI.wav	409.397	409.397173742	412.646524121	30.9	3573.5	3.249	3542.6	79.8	Fb11	
39	Spectrogram 1	1	HS150626-0921-MUI.wav	412.855	412.855197998	415.895874499	0.0	3604.4	3.041	3604.4	80.8	Fb11	
40	Spectrogram 1	1	HS150626-0921-MUI.wav	417.983	417.982613274	420.904047559	0.0	3647.6	2.921	3647.6	75.0	Fb11	
41	Spectrogram 1	1	HS150626-0921-MUI.wav	421.053	421.053100329	424.242829599	0.0	3585.8	3.190	3585.8	85.0	Fb11	
42	Spectrogram 1	1	HS150626-0921-MUI.wav	425.674	425.673736188	428.624981027	0.0	3579.7	2.951	3579.7	85.0	Fb11	
43	Spectrogram 1	1	HS150626-0921-MUI.wav	428.893	428.893276012	432.858079685	0.0	3616.7	3.965	3616.7	84.9	Fb11	
44	Spectrogram 1	1	HS150626-0921-MUI.wav	433.931	433.931259627	436.733451696	0.0	3585.8	2.802	3585.8	79.3	Fb11	
45	Spectrogram 1	1	HS150626-0921-MUI.wav	437.061	437.061367789	439.803938751	0.0	3598.2	2.743	3598.2	82.3	Fb11	
46	Spectrogram 1	1	HS150626-0921-MUI.wav	441.167	441.166815444	446.502904598	0.0	3622.9	5.336	3622.9	82.4	Fb12	
47	Spectrogram 1	1	HS150626-0921-MUI.wav	448.142	448.142485064	457.145272351	0.0	3499.4	9.003	3499.4	81.9	Jb21	
48	Spectrogram 1	1	HS150626-0921-MUI.wav	459.770	459.770488850	464.659419694	0.0	3610.5	4.889	3610.5	80.2	Jb11	
49	Spectrogram 1	1	HS150626-0921-MUI.wav	466.657	466.656726808	470.860014912	0.0	3684.6	4.203	3684.6	81.9	Jb11	
50	Spectrogram 1	1	HS150626-0921-MUI.wav	473.155	473.155427564	477.656821208	0.0	3616.7	4.501	3616.7	83.6	Jb11	
51	Spectrogram 1	1	HS150626-0921-MUI.wav	477.925	477.925116193	481.085034910	0.0	3548.8	3.160	3548.8	83.6	Jb11	
52	Spectrogram 1	1	HS150626-0921-MUI.wav	483.440	483.440068670	487.166387911	0.0	3530.3	3.726	3530.3	85.8	Jb11	
53	Spectrogram 1	1	HS150626-0921-MUI.wav	489.534	489.533605637	492.991629893	0.0	3524.1	3.458	3524.1	85.5	Jb11	
54	Spectrogram 1	1	HS150626-0921-MUI.wav	493.528	493.528219864	497.075675781	0.0	3561.2	3.547	3561.2	74.5	Jb11	
55	Spectrogram 1	1	HS150626-0921-MUI.wav	499.107	499.106842714	515.413215713	49.4	3573.5	16.306	3524.1	64.5	Jb31	
56	Spectrogram 1	1	HS150626-0921-MUI.wav	516.458	516.458472854	569.998227712	0.0	3561.2	53.540	3561.2	83.3	?	
57	Spectrogram 1	1	HS150626-0921-MUI.wav	570.385	570.384984558	573.872819368	104.9	3579.7	3.488	3474.8	64.2	Jb11	
58	Spectrogram 1	1	HS150626-0921-MUI.wav	576.287	576.287474236	579.894551262	0.0	3221.7	3.607	3221.7	85.2	Jb11	
59	Spectrogram 1	1	HS150626-0921-MUI.wav	580.014	580.013793477	583.263143856	0.0	3480.9	3.249	3480.9	78.2	Jb11	
60	Spectrogram 1	1	HS150626-0921-MUI.wav	585.350	585.349882631	589.284875750	0.0	3511.8	3.935	3511.8	86.7	Jb11	
61	Spectrogram 1	1	HS150626-0921-MUI.wav	589.344	589.344496857	592.504415574	67.9	3536.5	3.160	3468.6	68.3	Jb11	
62	Spectrogram 1	1	HS150626-0921-MUI.wav	594.263	594.263238256	596.975998663	0.0	3474.8	2.713	3474.8	91.7	Jb11	
63	Spectrogram 1	1	HS150626-0921-MUI.wav	599.347	599.347232757	639.680912224	185.2	3641.4	40.334	3456.2	66.3	Id61	
