Selection	View	Channel	Begin File	Begin Clock Time	Begin Time (s)	End Time (s)	Low Freq (Hz)	High Freq (Hz)	Delta Time (s)	Delta Freq (Hz)	Avg Power (dB)	Category	Comment
1	Spectrogram 1	1	HS150622-1120-MUI-PA.wav	0.507	0.506779417	24.832191424	192.9	3659.0	24.325	3466.1	71.0	Id41	
2	Spectrogram 1	1	HS150622-1120-MUI-PA.wav	25.876	25.875560811	29.840364484	261.4	3553.2	3.965	3291.8	65.1	Id11	
3	Spectrogram 1	1	HS150622-1120-MUI-PA.wav	30.407	30.406765008	36.875655211	168.0	3603.0	6.469	3435.0	73.4	Id11	
4	Spectrogram 1	1	HS150622-1120-MUI-PA.wav	37.696	37.696066514	42.137839050	336.0	3690.1	4.442	3354.1	75.0	Id11	
5	Spectrogram 1	1	HS150622-1120-MUI-PA.wav	43.092	43.091776775	48.755782022	280.0	3665.2	5.664	3385.2	74.3	Id11	
6	Spectrogram 1	1	HS150622-1120-MUI-PA.wav	50.038	50.037635841	61.186783011	186.7	3627.9	11.149	3441.2	74.1	Id21	
7	Spectrogram 1	1	HS150622-1120-MUI-PA.wav	61.813	61.812804643	66.194956071	37.3	3615.4	4.382	3578.1	78.0	Id11	
8	Spectrogram 1	1	HS150622-1120-MUI-PA.wav	66.720	66.720199627	93.519887609	242.7	3652.8	26.800	3410.1	76.8	Ia6	
9	Spectrogram 1	1	HS150622-1120-MUI-PA.wav	94.678	94.678376519	103.114763281	80.9	3646.5	8.436	3565.6	80.8	Ar11	
10	Spectrogram 1	1	HS150622-1120-MUI-PA.wav	104.397	104.396617100	112.445466661	130.7	3603.0	8.049	3472.3	80.8	Ar11	
11	Spectrogram 1	1	HS150622-1120-MUI-PA.wav	114.025	114.025426019	122.491623335	49.8	3547.0	8.466	3497.2	80.4	Ar11	
12	Spectrogram 1	1	HS150622-1120-MUI-PA.wav	123.511	123.510681536	131.976878853	149.3	3584.3	8.466	3435.0	78.4	Ar11	
13	Spectrogram 1	1	HS150622-1120-MUI-PA.wav	132.722	132.722142701	141.128718909	49.8	3627.9	8.407	3578.1	79.0	Ar11	
14	Spectrogram 1	1	HS150622-1120-MUI-PA.wav	142.142	142.142277743	150.220937858	62.2	3609.2	8.079	3547.0	78.5	Ar11	
15	Spectrogram 1	1	HS150622-1120-MUI-PA.wav	151.054	151.053504589	167.926278113	68.5	3584.3	16.873	3515.9	77.8	Ar31	
16	Spectrogram 1	1	HS150622-1120-MUI-PA.wav	169.003	169.003474422	176.724407890	31.1	3503.4	7.721	3472.3	76.0	Ja31	
17	Spectrogram 1	1	HS150622-1120-MUI-PA.wav	177.499	177.499482292	183.998183049	18.7	3640.3	6.499	3621.7	78.8	Ja41	
18	Spectrogram 1	1	HS150622-1120-MUI-PA.wav	185.288	185.288474192	192.293954366	0.0	3609.2	7.005	3609.2	80.0	La41	
19	Spectrogram 1	1	HS150622-1120-MUI-PA.wav	193.308	193.307513199	201.058257221	0.0	3603.0	7.751	3603.0	80.2	La41	
20	Spectrogram 1	1	HS150622-1120-MUI-PA.wav	202.042	202.042005501	209.673507307	31.1	3627.9	7.632	3596.8	79.3	La41	
21	Spectrogram 1	1	HS150622-1120-MUI-PA.wav	210.686	210.686420691	226.426393166	6.2	3609.2	15.740	3603.0	78.7	Aw31	
22	Spectrogram 1	1	HS150622-1120-MUI-PA.wav	228.304	228.304458063	234.743537712	49.8	3659.0	6.439	3609.2	82.2	La31	
23	Spectrogram 1	1	HS150622-1120-MUI-PA.wav	236.159	236.159081354	242.270244909	43.6	3571.9	6.111	3528.3	81.1	La31	
24	Spectrogram 1	1	HS150622-1120-MUI-PA.wav	243.910	243.909825375	250.438336686	0.0	3627.9	6.529	3627.9	85.3	La31	
25	Spectrogram 1	1	HS150622-1120-MUI-PA.wav	252.495	252.495264907	258.516996801	24.9	3584.3	6.022	3559.4	82.8	La31	
26	Spectrogram 1	1	HS150622-1120-MUI-PA.wav	260.397	260.396544863	266.507708419	0.0	3603.0	6.111	3603.0	83.0	La31	
27	Spectrogram 1	1	HS150622-1120-MUI-PA.wav	268.410	268.410112875	284.120274796	74.7	3615.4	15.710	3540.8	78.8	Aw31	
28	Spectrogram 1	1	HS150622-1120-MUI-PA.wav	286.445	286.445498002	292.198934911	31.1	3553.2	5.753	3522.1	77.7	La31	
29	Spectrogram 1	1	HS150622-1120-MUI-PA.wav	294.325	294.325412007	300.019227807	62.2	3621.7	5.694	3559.4	81.8	La31	
30	Spectrogram 1	1	HS150622-1120-MUI-PA.wav	301.778	301.778050489	308.455614570	18.7	3621.7	6.678	3603.0	83.1	La31	
31	Spectrogram 1	1	HS150622-1120-MUI-PA.wav	309.857	309.856710604	316.057305822	0.0	3677.7	6.201	3677.7	82.9	La31	
32	Spectrogram 1	1	HS150622-1120-MUI-PA.wav	317.458	317.457620886	334.300583856	0.0	3584.3	16.843	3584.3	83.6	Ax211	
33	Spectrogram 1	1	HS150622-1120-MUI-PA.wav	335.612	335.612248229	343.035076158	0.0	3659.0	7.423	3659.0	87.5	Kd11	
34	Spectrogram 1	1	HS150622-1120-MUI-PA.wav	344.161	344.160682023	352.835553216	0.0	3615.4	8.675	3615.4	89.3	Kd11	
35	Spectrogram 1	1	HS150622-1120-MUI-PA.wav	353.372	353.372143187	361.599856072	74.7	3627.9	8.228	3553.2	81.4	Kd11	
36	Spectrogram 1	1	HS150622-1120-MUI-PA.wav	362.941	362.941330998	371.109422775	0.0	3690.1	8.168	3690.1	88.3	Kd11	
37	Spectrogram 1	1	HS150622-1120-MUI-PA.wav	372.093	372.093171055	380.559368371	0.0	3690.1	8.466	3690.1	89.4	Kd11	
38	Spectrogram 1	1	HS150622-1120-MUI-PA.wav	381.747	381.746858656	389.914950433	0.0	3603.0	8.168	3603.0	88.2	Kd11	
39	Spectrogram 1	1	HS150622-1120-MUI-PA.wav	390.929	390.928509267	398.828306058	24.9	3590.5	7.900	3565.6	85.3	Kd11	
40	Spectrogram 1	1	HS150622-1120-MUI-PA.wav	400.086	400.085713992	408.492290200	0.0	3565.6	8.407	3565.6	88.0	Kd11	
41	Spectrogram 1	1	HS150622-1120-MUI-PA.wav	409.267	409.267364602	417.256593055	0.0	3584.3	7.989	3584.3	84.1	Kd11	
42	Spectrogram 1	1	HS150622-1120-MUI-PA.wav	418.747	418.747120752	425.871843141	0.0	3590.5	7.125	3590.5	84.6	Kd11	
43	Spectrogram 1	1	HS150622-1120-MUI-PA.wav	427.059	427.058929166	434.928915404	49.8	3621.7	7.870	3571.9	80.6	Kd11	
44	Spectrogram 1	1	HS150622-1120-MUI-PA.wav	436.092	436.091527007	443.633597151	0.0	3627.9	7.542	3627.9	85.5	Kd11	
45	Spectrogram 1	1	HS150622-1120-MUI-PA.wav	444.994	444.993940477	460.376186305	0.0	3659.0	15.382	3659.0	79.6	Ax211	
46	Spectrogram 1	1	HS150622-1120-MUI-PA.wav	461.804	461.804155101	465.530474342	0.0	3696.3	3.726	3696.3	76.6	Fc11	
47	Spectrogram 1	1	HS150622-1120-MUI-PA.wav	465.650	465.649716558	469.018309152	0.0	3690.1	3.369	3690.1	78.9	Fc11	
48	Spectrogram 1	1	HS150622-1120-MUI-PA.wav	470.360	470.359784079	472.834060055	0.0	3690.1	2.474	3690.1	79.3	Fc11	
49	Spectrogram 1	1	HS150622-1120-MUI-PA.wav	473.132	473.132165595	475.844926002	0.0	3708.8	2.713	3708.8	77.9	Fc11	
50	Spectrogram 1	1	HS150622-1120-MUI-PA.wav	477.273	477.273299223	480.373596832	0.0	3690.1	3.100	3690.1	80.7	Fc11	
51	Spectrogram 1	1	HS150622-1120-MUI-PA.wav	481.506	481.506397881	484.725937706	0.0	3596.8	3.220	3596.8	75.7	Fc11	
52	Spectrogram 1	1	HS150622-1120-MUI-PA.wav	485.054	485.053853799	487.557940329	0.0	3571.9	2.504	3571.9	76.5	Fc11	
53	Spectrogram 1	1	HS150622-1120-MUI-PA.wav	488.959	488.959036364	491.492933448	0.0	3621.7	2.534	3621.7	72.0	Fc11	
54	Spectrogram 1	1	HS150622-1120-MUI-PA.wav	491.910	491.910281203	494.205693856	0.0	3665.2	2.295	3665.2	72.2	Fc11	
55	Spectrogram 1	1	HS150622-1120-MUI-PA.wav	496.055	496.055296501	498.797867462	0.0	3596.8	2.743	3596.8	77.5	Fc11	
56	Spectrogram 1	1	HS150622-1120-MUI-PA.wav	499.215	499.215215217	501.301953992	37.3	3609.2	2.087	3571.9	75.1	Fc11	
57	Spectrogram 1	1	HS150622-1120-MUI-PA.wav	503.152	503.151556637	505.953748707	0.0	3584.3	2.802	3584.3	76.5	Fc11	
58	Spectrogram 1	1	HS150622-1120-MUI-PA.wav	506.252	506.251854246	508.785751330	0.0	3565.6	2.534	3565.6	74.1	Fc11	
59	Spectrogram 1	1	HS150622-1120-MUI-PA.wav	510.187	510.186847365	513.197713312	0.0	3534.5	3.011	3534.5	72.2	Fc11	
60	Spectrogram 1	1	HS150622-1120-MUI-PA.wav	513.555	513.555439959	515.970094827	0.0	3553.2	2.415	3553.2	70.7	Fc11	
61	Spectrogram 1	1	HS150622-1120-MUI-PA.wav	522.652	522.651945001	529.448751297	0.0	3640.3	6.797	3640.3	85.4	Jb11	
62	Spectrogram 1	1	HS150622-1120-MUI-PA.wav	530.790	530.790226224	534.844461558	0.0	3671.4	4.054	3671.4	82.4	Jb11	
63	Spectrogram 1	1	HS150622-1120-MUI-PA.wav	537.140	537.139874211	541.402783423	0.0	3540.8	4.263	3540.8	83.2	Jb11	
64	Spectrogram 1	1	HS150622-1120-MUI-PA.wav	544.100	544.100315746	548.720951605	0.0	3677.7	4.621	3677.7	82.4	Jb11	
65	Spectrogram 1	1	HS150622-1120-MUI-PA.wav	550.420	550.420153179	555.100410146	0.0	3665.2	4.680	3665.2	72.5	Jb11	
66	Spectrogram 1	1	HS150622-1120-MUI-PA.wav	557.038	557.038096152	561.002899825	0.0	3627.9	3.965	3627.9	77.1	Jb11	
67	Spectrogram 1	1	HS150622-1120-MUI-PA.wav	563.717	563.716873506	568.337509365	0.0	3584.3	4.621	3584.3	86.0	Jb11	
68	Spectrogram 1	1	HS150622-1120-MUI-PA.wav	569.374	569.373630762	573.606729420	0.0	3615.4	4.233	3615.4	76.0	Jb11	
69	Spectrogram 1	1	HS150622-1120-MUI-PA.wav	574.084	574.083698283	578.197554726	105.8	3634.1	4.114	3528.3	65.2	Jb11	
70	Spectrogram 1	1	HS150622-1120-MUI-PA.wav	579.778	579.777514084	590.151586852	0.0	3422.5	10.374	3422.5	84.9	Jb21	
71	Spectrogram 1	1	HS150622-1120-MUI-PA.wav	590.956	590.956471808	596.441613731	0.0	3522.1	5.485	3522.1	82.8	Jb11	
72	Spectrogram 1	1	HS150622-1120-MUI-PA.wav	598.171	598.170625859	602.701830056	0.0	3534.5	4.531	3534.5	80.3	Jb11	
73	Spectrogram 1	1	HS150622-1120-MUI-PA.wav	604.270	604.270308136	609.904502829	0.0	3702.5	5.634	3702.5	76.8	Jb11	
74	Spectrogram 1	1	HS150622-1120-MUI-PA.wav	610.888	610.888251109	615.121349767	0.0	3627.9	4.233	3627.9	74.2	Jb11	
75	Spectrogram 1	1	HS150622-1120-MUI-PA.wav	615.449	615.449265860	619.026532331	0.0	3634.1	3.577	3634.1	77.2	Jb11	
76	Spectrogram 1	1	HS150622-1120-MUI-PA.wav	620.457	620.457438920	624.571295362	0.0	3727.4	4.114	3727.4	73.4	Jb11	
77	Spectrogram 1	1	HS150622-1120-MUI-PA.wav	624.750	624.750158686	628.059130172	0.0	3652.8	3.309	3652.8	74.9	Jb11	
78	Spectrogram 1	1	HS150622-1120-MUI-PA.wav	630.181	630.180504718	644.072222849	0.0	3571.9	13.892	3571.9	75.1	Jb31	
79	Spectrogram 1	1	HS150622-1120-MUI-PA.wav	645.861	645.860856085	652.150882964	0.0	3578.1	6.290	3578.1	76.5	Jb11	
80	Spectrogram 1	1	HS150622-1120-MUI-PA.wav	652.581	652.580819274	656.843728486	0.0	3590.5	4.263	3590.5	81.6	Jb11	
81	Spectrogram 1	1	HS150622-1120-MUI-PA.wav	658.752	658.751603937	662.626975948	0.0	3640.3	3.875	3640.3	76.9	Jb11	
82	Spectrogram 1	1	HS150622-1120-MUI-PA.wav	663.015	663.014513149	666.532158513	18.7	3584.3	3.518	3565.6	74.4	Jb11	
83	Spectrogram 1	1	HS150622-1120-MUI-PA.wav	667.814	667.814012332	671.212415480	0.0	3652.8	3.398	3652.8	72.6	Jb11	
84	Spectrogram 1	1	HS150622-1120-MUI-PA.wav	671.719	671.719194897	675.147408599	0.0	3621.7	3.428	3621.7	75.5	Jb11	
85	Spectrogram 1	1	HS150622-1120-MUI-PA.wav	676.191	676.190777986	679.678612796	0.0	3584.3	3.488	3584.3	79.6	Jb11	
86	Spectrogram 1	1	HS150622-1120-MUI-PA.wav	679.828	679.827665566	682.510615419	0.0	3571.9	2.683	3571.9	84.5	Jb11	
87	Spectrogram 1	1	HS150622-1120-MUI-PA.wav	683.435	683.434742591	686.624471862	0.0	3615.4	3.190	3615.4	85.4	Jb11	
88	Spectrogram 1	1	HS150622-1120-MUI-PA.wav	686.950	686.950394039	690.050691648	0.0	3578.1	3.100	3578.1	75.8	Jb11	
89	Spectrogram 1	1	HS150622-1120-MUI-PA.wav	690.885	690.885387158	693.777010889	0.0	3590.5	2.892	3590.5	81.8	Jb11	
90	Spectrogram 1	1	HS150622-1120-MUI-PA.wav	694.165	694.164548090	697.354277361	0.0	3665.2	3.190	3665.2	80.0	Jb11	
