Selection	View	Channel	Begin File	Begin Clock Time	Begin Time (s)	End Time (s)	Low Freq (Hz)	High Freq (Hz)	Delta Time (s)	Delta Freq (Hz)	Avg Power (dB)	Category	Comment
1	Spectrogram 1	1	HS170810-1054-MUI-PA.wav	0.137	0.136507015	9.111843271	172.8	3734.0	8.975	3561.2	73.9	Ib12	
2	Spectrogram 1	1	HS170810-1054-MUI-PA.wav	11.262	11.261828762	23.342699615	203.7	3647.6	12.081	3443.9	74.6	Ib14	
3	Spectrogram 1	1	HS170810-1054-MUI-PA.wav	25.493	25.492685106	40.064808988	358.0	3659.9	14.572	3301.9	70.9	Ib110	
4	Spectrogram 1	1	HS170810-1054-MUI-PA.wav	41.078	41.077744787	56.161769977	425.9	3696.9	15.084	3271.1	71.9	Ib114	
5	Spectrogram 1	1	HS170810-1054-MUI-PA.wav	57.424	57.424459868	71.314048674	228.4	3647.6	13.890	3419.2	73.0	Ib114	
6	Spectrogram 1	1	HS170810-1054-MUI-PA.wav	72.805	72.805263348	87.411513984	172.8	3573.5	14.606	3400.7	71.6	Ib113	
7	Spectrogram 1	1	HS170810-1054-MUI-PA.wav	88.128	88.128175815	98.468582223	333.3	3579.7	10.340	3246.4	74.0	Ib22	
8	Spectrogram 1	1	HS170810-1054-MUI-PA.wav	101.311	101.311216895	115.746833762	395.0	3690.8	14.436	3295.8	74.0	Ib24	
9	Spectrogram 1	1	HS170810-1054-MUI-PA.wav	116.771	116.770636377	132.230055859	209.8	3678.4	15.459	3468.6	76.5	Ib26	
10	Spectrogram 1	1	HS170810-1054-MUI-PA.wav	133.769	133.768543119	148.238286740	98.7	3666.1	14.470	3567.3	75.2	Ib110	
11	Spectrogram 1	1	HS170810-1054-MUI-PA.wav	150.204	150.204241671	164.742238799	92.6	3610.5	14.538	3518.0	77.5	Ib111	
12	Spectrogram 1	1	HS170810-1054-MUI-PA.wav	165.614	165.613610530	179.912720382	333.3	3629.0	14.299	3295.8	79.4	Ib24	
13	Spectrogram 1	1	HS170810-1054-MUI-PA.wav	180.728	180.727719203	194.856195286	142.0	3629.0	14.128	3487.1	76.8	Ie12	
14	Spectrogram 1	1	HS170810-1054-MUI-PA.wav	195.948	195.948251409	212.090205967	172.8	3653.7	16.142	3480.9	78.0	Ie12	
15	Spectrogram 1	1	HS170810-1054-MUI-PA.wav	213.092	213.091765324	226.947227376	185.2	3690.8	13.855	3505.6	75.1	Ie12	
16	Spectrogram 1	1	HS170810-1054-MUI-PA.wav	227.893	227.892664784	240.212422914	98.7	3659.9	12.320	3561.2	72.7	If111	
17	Spectrogram 1	1	HS170810-1054-MUI-PA.wav	241.562	241.562327048	253.336057117	98.7	3690.8	11.774	3592.0	75.6	If111	
18	Spectrogram 1	1	HS170810-1054-MUI-PA.wav	254.459	254.458954737	266.437445329	111.1	3592.0	11.978	3480.9	76.6	If111	
19	Spectrogram 1	1	HS170810-1054-MUI-PA.wav	267.947	267.947113847	279.652590408	142.0	3659.9	11.705	3518.0	76.3	If141	
20	Spectrogram 1	1	HS170810-1054-MUI-PA.wav	281.461	281.461308361	292.723137122	98.7	3647.6	11.262	3548.8	75.6	If161	
21	Spectrogram 1	1	HS170810-1054-MUI-PA.wav	294.039	294.038633888	306.051251233	123.4	3659.9	12.013	3536.5	76.5	If191	
22	Spectrogram 1	1	HS170810-1054-MUI-PA.wav	307.553	307.552828402	318.268629102	55.5	3684.6	10.716	3629.0	77.0	If1101	
23	Spectrogram 1	1	HS170810-1054-MUI-PA.wav	319.941	319.940840039	331.885203878	117.3	3567.3	11.944	3450.1	77.3	If1101	
24	Spectrogram 1	1	HS170810-1054-MUI-PA.wav	334.210	334.209871381	345.096305851	74.1	3647.6	10.886	3573.5	77.7	If191	
25	Spectrogram 1	1	HS170810-1054-MUI-PA.wav	347.280	347.280418096	363.217612131	49.4	3610.5	15.937	3561.2	77.6	If182	
26	Spectrogram 1	1	HS170810-1054-MUI-PA.wav	364.898	364.898167781	379.845685956	49.4	3524.1	14.948	3474.8	79.1	If113	
27	Spectrogram 1	1	HS170810-1054-MUI-PA.wav	381.996	381.996178338	397.250837297	74.1	3561.2	15.255	3487.1	78.2	Ih131	
28	Spectrogram 1	1	HS170810-1054-MUI-PA.wav	399.049	399.048813829	414.303472788	37.0	3561.2	15.255	3524.1	76.9	Ih131	
29	Spectrogram 1	1	HS170810-1054-MUI-PA.wav	415.634	415.634416187	430.240666823	80.2	3555.0	14.606	3474.8	77.3	Ih131	
30	Spectrogram 1	1	HS170810-1054-MUI-PA.wav	432.145	432.145194690	446.990332603	67.9	3592.0	14.845	3524.1	78.0	Ih132	
31	Spectrogram 1	1	HS170810-1054-MUI-PA.wav	447.963	447.963073053	462.603450443	18.5	3653.7	14.640	3635.2	74.0	Ih124	
32	Spectrogram 1	1	HS170810-1054-MUI-PA.wav	463.794	463.793843557	478.809615239	43.2	3548.8	15.016	3505.6	76.0	Ig13	
33	Spectrogram 1	1	HS170810-1054-MUI-PA.wav	480.311	480.311192407	495.736485136	37.0	3499.4	15.425	3462.4	73.5	Ig13	
34	Spectrogram 1	1	HS170810-1054-MUI-PA.wav	497.762	497.761847108	513.084759574	61.7	3524.1	15.323	3462.4	70.0	Ig14	
35	Spectrogram 1	1	HS170810-1054-MUI-PA.wav	514.730	514.730061583	528.653777142	43.2	3635.2	13.924	3592.0	66.5	Ii113	
36	Spectrogram 1	1	HS170810-1054-MUI-PA.wav	530.326	530.325988080	541.348929565	30.9	3604.4	11.023	3573.5	63.2	Ii112	
37	Spectrogram 1	1	HS170810-1054-MUI-PA.wav	543.592	543.591944200	563.931489479	18.5	3666.1	20.340	3647.6	63.3	Ii11313	
38	Spectrogram 1	1	HS170810-1054-MUI-PA.wav	565.401	565.400711854	583.658525149	18.5	3616.7	18.258	3598.2	64.0	Ii11313	
39	Spectrogram 1	1	HS170810-1054-MUI-PA.wav	586.457	586.456668004	604.031946223	12.3	3573.5	17.575	3561.2	71.5	Ii11312	
40	Spectrogram 1	1	HS170810-1054-MUI-PA.wav	605.465	605.465269884	622.904041087	30.9	3555.0	17.439	3524.1	70.6	Ii11312	
41	Spectrogram 1	1	HS170810-1054-MUI-PA.wav	623.853	623.853019847	640.814016497	12.3	3653.7	16.961	3641.4	71.1	Ii11212	
42	Spectrogram 1	1	HS170810-1054-MUI-PA.wav	641.902	641.902029514	658.658265641	12.3	3585.8	16.756	3573.5	67.5	Ii11312	
43	Spectrogram 1	1	HS170810-1054-MUI-PA.wav	660.033	660.033449899	667.677842755	12.3	3635.2	7.644	3622.9	70.8	Ii111	
44	Spectrogram 1	1	HS170810-1054-MUI-PA.wav	667.917	667.916730032	679.656333347	43.2	3659.9	11.740	3616.7	76.0	Ma12	
46	Spectrogram 1	1	HS170810-1054-MUI-PA.wav	680.134	680.134107900	694.945119060	24.7	3659.9	14.811	3635.2	74.6	Ma14	
47	Spectrogram 1	1	HS170810-1054-MUI-PA.wav	695.717	695.716890970	706.944592977	0.0	3598.2	11.228	3598.2	77.4	Ma13	
48	Spectrogram 1	1	HS170810-1054-MUI-PA.wav	707.183	707.183480254	719.503238384	30.9	3573.5	12.320	3542.6	74.9	Ma11	
