Selection	View	Channel	Begin File	Begin Clock Time	Begin Time (s)	End Time (s)	Low Freq (Hz)	High Freq (Hz)	Delta Time (s)	Delta Freq (Hz)	Avg Power (dB)	Category	Comment
1	Spectrogram 1	1	HS170802-0929-MUI.wav	12.490	12.490391899	25.697445629	0.0	3666.1	13.207	3666.1	63.6	Ig12	
3	Spectrogram 1	1	HS170802-0929-MUI.wav	26.585	26.584741228	41.498132649	0.0	3653.7	14.913	3653.7	62.5	Ig13	
4	Spectrogram 1	1	HS170802-0929-MUI.wav	42.212	42.212269807	59.173266457	0.0	3709.3	16.961	3709.3	59.2	Ig13	
5	Spectrogram 1	1	HS170802-0929-MUI.wav	60.231	60.231195825	76.543784153	30.9	3585.8	16.313	3555.0	57.5	Ig13	
6	Spectrogram 1	1	HS170802-0929-MUI.wav	77.395	77.395186340	89.305423424	24.7	3585.8	11.910	3561.2	52.9	Ig13	
7	Spectrogram 1	1	HS170802-0929-MUI.wav	90.403	90.403294449	108.592854237	0.0	3536.5	18.190	3536.5	54.4	Ii11312	
8	Spectrogram 1	1	HS170802-0929-MUI.wav	109.378	109.377769574	129.546681084	0.0	3524.1	20.169	3524.1	53.8	Ii11312	
9	Spectrogram 1	1	HS170802-0929-MUI.wav	130.298	130.298483615	147.703128065	0.0	3604.4	17.405	3604.4	51.7	Ii11312	
10	Spectrogram 1	1	HS170802-0929-MUI.wav	148.296	148.295924226	165.154540614	12.3	3585.8	16.859	3573.5	49.6	Ii11312	
11	Spectrogram 1	1	HS170802-0929-MUI.wav	166.199	166.198819664	181.658239146	0.0	3629.0	15.459	3629.0	52.3	Ii11212	
12	Spectrogram 1	1	HS170802-0929-MUI.wav	183.205	183.205068386	199.312896190	30.9	3659.9	16.108	3629.0	54.1	Ii11212	
13	Spectrogram 1	1	HS170802-0929-MUI.wav	200.300	200.300044809	218.591984859	6.2	3616.7	18.292	3610.5	50.1	Ii11212	
14	Spectrogram 1	1	HS170802-0929-MUI.wav	219.217	219.217138382	236.348768801	0.0	3629.0	17.132	3629.0	52.8	Ii11312	
15	Spectrogram 1	1	HS170802-0929-MUI.wav	237.011	237.010829848	254.142460267	24.7	3616.7	17.132	3592.0	53.9	Ii11312	
16	Spectrogram 1	1	HS170802-0929-MUI.wav	255.166	255.166262882	272.024879270	0.0	3622.9	16.859	3622.9	53.2	Ii11312	
17	Spectrogram 1	1	HS170802-0929-MUI.wav	272.968	272.968296655	280.851576789	12.3	3635.2	7.883	3622.9	53.3	Ii111	
18	Spectrogram 1	1	HS170802-0929-MUI.wav	281.193	281.192844327	290.918969166	0.0	3721.6	9.726	3721.6	57.5	Ma11	
19	Spectrogram 1	1	HS170802-0929-MUI.wav	291.670	291.670488678	304.877542407	18.5	3629.0	13.207	3610.5	60.0	Ma11	
20	Spectrogram 1	1	HS170802-0929-MUI.wav	306.208	306.208485806	319.108398752	0.0	3715.5	12.900	3715.5	60.8	Ma11	
21	Spectrogram 1	1	HS170802-0929-MUI.wav	319.978	319.978001090	332.263632467	0.0	3622.9	12.286	3622.9	58.3	Ma11	
22	Spectrogram 1	1	HS170802-0929-MUI.wav	333.685	333.684824241	346.277596402	104.9	3579.7	12.593	3474.8	56.1	Ib17	
23	Spectrogram 1	1	HS170802-0929-MUI.wav	347.438	347.437655073	360.951849587	98.7	3604.4	13.514	3505.6	55.7	Ib16	
24	Spectrogram 1	1	HS170802-0929-MUI.wav	362.834	362.833877935	372.150481729	6.2	3598.2	9.317	3592.0	57.8	Ie11	
25	Spectrogram 1	1	HS170802-0929-MUI.wav	374.096	374.095706697	387.132126658	61.7	3659.9	13.036	3598.2	58.5	Ie12	
26	Spectrogram 1	1	HS170802-0929-MUI.wav	388.907	388.906717856	403.001067185	61.7	3511.8	14.094	3450.1	56.4	Ie12	
27	Spectrogram 1	1	HS170802-0929-MUI.wav	404.739	404.739006958	416.888131319	160.5	3659.9	12.149	3499.4	56.9	Ie12	
28	Spectrogram 1	1	HS170802-0929-MUI.wav	418.697	418.696849271	428.832495157	98.7	3561.2	10.136	3462.4	56.6	Ie11	
29	Spectrogram 1	1	HS170802-0929-MUI.wav	433.239	433.239399130	443.613932293	67.9	3443.9	10.375	3376.0	56.5	Ie11	
30	Spectrogram 1	1	HS170802-0929-MUI.wav	446.508	446.507628965	461.728161170	61.7	3598.2	15.221	3536.5	55.8	Ie12	
31	Spectrogram 1	1	HS170802-0929-MUI.wav	464.068	464.067994528	477.957583334	104.9	3604.4	13.890	3499.4	56.6	Ie13	
32	Spectrogram 1	1	HS170802-0929-MUI.wav	480.517	480.517089871	496.454283906	55.5	3536.5	15.937	3480.9	56.2	Ih141	
33	Spectrogram 1	1	HS170802-0929-MUI.wav	498.053	498.053440380	511.874775679	6.2	3579.7	13.821	3573.5	56.5	Ih123	
34	Spectrogram 1	1	HS170802-0929-MUI.wav	513.486	513.485559224	527.341021276	49.4	3598.2	13.855	3548.8	56.5	Ih141	
35	Spectrogram 1	1	HS170802-0929-MUI.wav	529.891	529.891176696	543.780765502	43.2	3666.1	13.890	3622.9	57.2	Ih141	
36	Spectrogram 1	1	HS170802-0929-MUI.wav	545.316	545.316469424	558.967170953	98.7	3629.0	13.651	3530.3	57.1	Ih141	
37	Spectrogram 1	1	HS170802-0929-MUI.wav	560.951	560.950541592	574.362355844	61.7	3604.4	13.412	3542.6	57.9	Ih123	
38	Spectrogram 1	1	HS170802-0929-MUI.wav	576.637	576.637220786	592.096640268	37.0	3604.4	15.459	3567.3	54.3	Ig12	
39	Spectrogram 1	1	HS170802-0929-MUI.wav	594.554	594.553766543	610.217946548	0.0	3635.2	15.664	3635.2	57.0	Ig12	
40	Spectrogram 1	1	HS170802-0929-MUI.wav	611.703	611.702841833	625.797191162	74.1	3573.5	14.094	3499.4	53.3	Ig12	
41	Spectrogram 1	1	HS170802-0929-MUI.wav	627.265	627.264641577	642.485173782	43.2	3622.9	15.221	3579.7	52.0	Ig13	
42	Spectrogram 1	1	HS170802-0929-MUI.wav	642.904	642.903546596	653.516967035	49.4	3511.8	10.613	3462.4	47.7	Ig12	
43	Spectrogram 1	1	HS170802-0929-MUI.wav	656.452	656.451867864	667.645443118	61.7	3610.5	11.194	3548.8	47.4	Ig12	
44	Spectrogram 1	1	HS170802-0929-MUI.wav	669.284	669.283527302	681.739792447	49.4	3604.4	12.456	3555.0	47.9	Ig13	
45	Spectrogram 1	1	HS170802-0929-MUI.wav	682.705	682.705455659	694.479185728	0.0	3530.3	11.774	3530.3	48.3	Ig13	
46	Spectrogram 1	1	HS170802-0929-MUI.wav	703.080	703.079887946	720.928180195	24.7	3629.0	17.848	3604.4	46.4	Ii11312	
47	Spectrogram 1	1	HS170802-0929-MUI.wav	722.105	722.105427640	739.475945336	6.2	3647.6	17.371	3641.4	49.1	Ii11412	
48	Spectrogram 1	1	HS170802-0929-MUI.wav	740.831	740.830652831	758.644818326	6.2	3493.3	17.814	3487.1	50.2	Ii11312	
49	Spectrogram 1	1	HS170802-0929-MUI.wav	759.765	759.765188705	776.555551586	18.5	3542.6	16.790	3524.1	51.0	Ii11312	
50	Spectrogram 1	1	HS170802-0929-MUI.wav	777.548	777.547503894	793.348190914	24.7	3641.4	15.801	3616.7	50.7	Ii11312	
51	Spectrogram 1	1	HS170802-0929-MUI.wav	795.230	795.230219427	811.338047231	49.4	3524.1	16.108	3474.8	50.1	Ii11212	
52	Spectrogram 1	1	HS170802-0929-MUI.wav	813.137	813.137160540	829.210861590	30.9	3647.6	16.074	3616.7	47.6	Ii11312	
53	Spectrogram 1	1	HS170802-0929-MUI.wav	830.097	830.097119218	846.955735607	55.5	3585.8	16.859	3530.3	45.4	Ii11313	
54	Spectrogram 1	1	HS170802-0929-MUI.wav	847.495	847.495193321	865.309358816	0.0	3641.4	17.814	3641.4	49.9	Ii11212	
55	Spectrogram 1	1	HS170802-0929-MUI.wav	865.837	865.836682075	881.296101557	30.9	3690.8	15.459	3659.9	46.4	Ii11212	
56	Spectrogram 1	1	HS170802-0929-MUI.wav	882.416	882.415965045	892.961131976	12.3	3647.6	10.545	3635.2	53.1	Ii111	
57	Spectrogram 1	1	HS170802-0929-MUI.wav	894.053	894.053188098	904.461848014	12.3	3629.0	10.409	3616.7	55.1	Ma11	
58	Spectrogram 1	1	HS170802-0929-MUI.wav	906.964	906.963719470	919.931885923	30.9	3678.4	12.968	3647.6	55.5	Ma11	
59	Spectrogram 1	1	HS170802-0929-MUI.wav	921.895	921.894555597	934.692088281	74.1	3740.1	12.798	3666.1	51.3	Ma11	
60	Spectrogram 1	1	HS170802-0929-MUI.wav	936.106	936.105695761	947.435778031	80.2	3672.3	11.330	3592.0	52.5	Ma11	
61	Spectrogram 1	1	HS170802-0929-MUI.wav	949.722	949.722270537	959.994423438	148.1	3678.4	10.272	3530.3	51.1	Ma12	
62	Spectrogram 1	1	HS170802-0929-MUI.wav	965.624	965.624075318	979.206523339	111.1	3567.3	13.582	3456.2	50.7	Ib111	
63	Spectrogram 1	1	HS170802-0929-MUI.wav	980.761	980.760683674	992.705047512	104.9	3690.8	11.944	3585.8	52.2	Ib18	
64	Spectrogram 1	1	HS170802-0929-MUI.wav	994.138	994.138371173	1004.001003028	117.3	3616.7	9.863	3499.4	55.6	Ie12	
65	Spectrogram 1	1	HS170802-0929-MUI.wav	1006.458	1006.458129303	1019.972323817	0.0	3592.0	13.514	3592.0	54.9	Ie12	
66	Spectrogram 1	1	HS170802-0929-MUI.wav	1021.167	1021.166509242	1033.656901142	142.0	3672.3	12.490	3530.3	56.6	Ie12	
67	Spectrogram 1	1	HS170802-0929-MUI.wav	1036.251	1036.250534432	1049.594095177	117.3	3666.1	13.344	3548.8	57.3	Ie12	
68	Spectrogram 1	1	HS170802-0929-MUI.wav	1051.428	1051.427588767	1062.075135960	154.3	3696.9	10.648	3542.6	56.2	Ie12	
69	Spectrogram 1	1	HS170802-0929-MUI.wav	1064.392	1064.392469799	1077.155875729	61.7	3622.9	12.763	3561.2	53.5	If162	
70	Spectrogram 1	1	HS170802-0929-MUI.wav	1078.158	1078.157939408	1089.488021678	104.9	3616.7	11.330	3511.8	55.5	If181	
71	Spectrogram 1	1	HS170802-0929-MUI.wav	1092.131	1092.130950146	1103.324525400	104.9	3696.9	11.194	3592.0	55.5	If161	
72	Spectrogram 1	1	HS170802-0929-MUI.wav	1105.523	1105.522636109	1117.057478902	0.0	3592.0	11.535	3592.0	55.4	If191	
73	Spectrogram 1	1	HS170802-0929-MUI.wav	1119.207	1119.207464393	1132.312137861	74.1	3715.5	13.105	3641.4	57.1	If112	
74	Spectrogram 1	1	HS170802-0929-MUI.wav	1134.438	1134.438110538	1149.385628713	67.9	3666.1	14.948	3598.2	56.8	Ih112	
75	Spectrogram 1	1	HS170802-0929-MUI.wav	1151.058	1151.057839650	1165.425203009	86.4	3635.2	14.367	3548.8	56.6	Ih122	
76	Spectrogram 1	1	HS170802-0929-MUI.wav	1167.673	1167.672767806	1182.825046504	86.4	3690.8	15.152	3604.4	55.6	Ih132	
77	Spectrogram 1	1	HS170802-0929-MUI.wav	1184.088	1184.087736395	1198.591606770	43.2	3678.4	14.504	3635.2	55.3	Ih115	
